80
0	1.41421	1	1	132.823	138.708	132.382	139.129	291.776	292.37	289.012	295.102	200.584	192.855	193.786	199.685	49.4975	53.3667	52.469	50.448	35.4401	32.7567	34.7131	33.5261	133.124	140.121	137.208	136.125	133.454	132.816	132.503	133.765	103.325	99.0051	99.7046	102.65	244.73	247.251	242.668	249.275	296.939	301.705	298.873	299.79	210.761	213.546	210.04	214.255	318.693	322.006	318.308	322.386	54.4059	61.0737	58.7963	56.8595	198.882	190.547	192.388	197.101	50.2096	47.3814	48.1041	49.5177	86.4928	84.2021	82.5651	88.0568	290.241	292.746	290.765	292.226	186.132	185.219	185.132	186.218	133.255	129.541	129.004	133.776	
1.41421	0	1	1	132.378	138.224	131.928	138.654	291.508	292.072	288.725	294.824	201.792	194.054	195	200.878	48.3735	52.1728	51.3517	49.2443	36.6879	33.9559	35.9026	34.7851	131.712	138.708	135.794	134.715	134.104	133.454	133.15	134.406	104.738	100.419	101.119	104.062	244.248	246.733	242.161	248.781	295.677	300.433	297.599	298.53	210.794	213.551	210.069	214.264	318.159	321.462	317.77	321.846	53.0094	59.6657	57.3847	55.4707	200.18	191.838	193.693	198.386	51.6236	48.7955	49.5177	50.9313	87.2983	84.8999	83.3607	88.7694	289.126	291.62	289.638	291.112	187.096	186.172	186.097	187.171	133.6	129.85	129.321	134.112	
1	1	0	1.41421	133.27	139.129	132.823	139.556	292.335	292.911	289.56	295.655	201.556	193.83	194.756	200.661	48.5077	52.3927	51.4782	49.4773	35.7351	32.9848	34.9285	33.8378	132.458	139.445	136.517	135.473	134.406	133.765	133.454	134.715	104.062	99.7246	100.419	103.392	245.153	247.649	243.074	249.69	296.628	301.378	298.543	299.481	211.483	214.255	210.761	214.965	319.08	322.386	318.693	322.769	53.8238	60.4401	58.1378	56.3028	199.812	191.481	193.313	198.04	50.9313	48.0833	48.7955	50.2494	87.4757	85.1645	83.5464	89.0225	290.119	292.611	290.629	292.104	187.131	186.218	186.132	187.216	134.112	130.384	129.85	134.629	
1	1	1.41421	0	131.928	137.801	131.484	138.224	290.947	291.529	288.175	294.269	200.821	193.08	194.031	199.902	49.366	53.1507	52.345	50.2195	36.4005	33.7343	35.6931	34.4819	132.382	139.388	136.488	135.37	133.15	132.503	132.197	133.454	104.005	99.7046	100.409	103.325	243.824	246.333	241.754	248.365	295.99	300.761	297.93	298.839	210.069	212.84	209.347	213.551	317.77	321.081	317.385	321.462	53.6004	60.3075	58.0517	56.0357	199.251	190.906	192.769	197.449	50.9117	48.1041	48.8365	50.2096	86.3134	83.9345	82.3772	87.8009	289.249	291.755	289.774	291.234	186.097	185.173	185.097	186.172	132.74	129.004	128.472	133.255	
132.823	132.378	133.27	131.928	0	7.07107	1	7	161.075	161.028	157.892	164.149	214.597	207.087	210.231	211.518	155.589	154.175	157.686	152.03	160.655	159.703	161.595	158.751	149.345	154.829	155.293	148.862	103.479	102.069	102.825	102.728	189.763	188.383	189.381	188.767	112.004	114.826	110.136	116.619	222.874	229.172	227.009	225.078	96.8401	97.4064	95.8801	98.3514	186.336	189.763	185.995	190.097	117.924	121.606	123.406	116.039	229.652	221.653	225.887	225.488	155.708	155.193	156.179	154.719	106.231	98.4886	105.323	99.4585	193.871	197.59	195.862	195.617	169.331	167.26	168.582	168.015	74.3303	70.0071	70.7107	73.6614	
138.708	138.224	139.129	137.801	7.07107	0	7	1	156.464	156.205	153.154	159.452	220.676	213.216	216.4	217.555	160.031	158.417	162.052	156.349	167.045	166.027	167.932	165.13	149.459	154.719	155.364	148.788	109.481	108.074	108.853	108.706	196.825	195.433	196.431	195.829	106.024	108.632	104	110.571	217.111	223.45	221.326	219.276	96.1041	96.3016	95.1262	97.2677	180.136	183.521	179.778	183.872	121.754	125.1	127.016	119.754	236.072	228.114	232.381	231.873	162.496	161.941	162.929	161.505	113.265	105.537	112.379	106.48	187.297	191.05	189.336	189.029	174.771	172.679	174.04	173.416	79.9062	75.743	76.4853	79.196	
132.382	131.928	132.823	131.484	1	7	0	7.07107	161.722	161.645	158.521	164.785	215.232	207.711	210.846	212.163	154.897	153.457	156.984	151.321	160.353	159.38	161.276	158.446	148.354	153.834	154.302	147.868	104.139	102.728	103.479	103.392	189.855	188.449	189.447	188.86	112.401	115.169	110.494	117	222.194	228.484	226.314	224.404	97.8008	98.3514	96.8401	99.2975	186.682	190.097	186.336	190.436	117.154	120.801	122.613	115.256	230.202	222.191	226.416	226.049	155.563	155.029	156.016	154.574	106.48	98.7168	105.537	99.7246	193.383	197.091	195.359	195.133	170.082	168.015	169.331	168.772	75.0733	70.7248	71.4213	74.411	
139.129	138.654	139.556	138.224	7	1	7.07107	0	155.795	155.567	152.502	158.795	220.057	212.608	215.801	216.926	160.702	159.113	162.733	157.035	167.335	166.337	168.238	165.424	150.443	155.708	156.349	149.777	108.853	107.448	108.231	108.074	196.736	195.369	196.367	195.74	105.603	108.268	103.619	110.168	217.807	224.154	222.036	219.966	95.1262	95.3362	94.1488	96.3016	179.778	183.175	179.424	183.521	122.495	125.877	127.781	120.507	235.536	227.59	231.866	231.327	162.635	162.099	163.086	161.645	113.031	105.323	112.178	106.231	187.8	191.565	189.855	189.528	174.04	171.945	173.312	172.679	79.2086	75.0733	75.8222	78.492	
291.776	291.508	292.335	290.947	161.075	156.464	161.722	155.795	0	6.40312	5	4	290.766	286.094	290.079	286.791	316.495	314.841	318.512	312.8	315.571	315.297	317.036	313.823	289.746	293.061	294.98	287.793	204.198	203.394	204.377	203.214	323.903	324.322	325.281	322.94	63.2456	66.7083	68.0074	61.8466	259.106	265.505	265.036	259.586	96.6282	91.7878	96.7471	91.6624	65.6049	69.4046	66.2193	68.8186	277.901	280.765	282.857	275.772	315.767	310.363	315.357	310.78	304.726	305.084	305.989	303.817	239.082	233.848	240.416	232.476	204.247	208.598	208.147	204.707	236.123	234.036	236.028	234.132	179.805	180.278	181.232	178.844	
292.37	292.072	292.911	291.529	161.028	156.205	161.645	155.567	6.40312	0	4	5	295.327	290.553	294.532	291.359	316.18	314.414	318.152	312.418	316.708	316.362	318.121	314.941	287.433	290.617	292.606	285.408	207.331	206.495	207.483	206.342	326.466	326.794	327.758	325.498	60.0083	62.9365	64.622	58.1893	253.569	259.942	259.509	254.012	100.18	95.2575	100.245	95.1893	59.4054	63.2456	60	62.6817	277.316	280.018	282.158	275.138	320.141	314.636	319.626	315.159	306.341	306.635	307.548	305.424	241.307	235.919	242.547	234.644	198.494	202.83	202.406	198.927	240.635	238.533	240.52	238.648	182.387	182.694	183.657	181.417	
289.012	288.725	289.56	288.175	157.892	153.154	158.521	152.502	5	4	0	6.40312	291.359	286.575	290.553	287.392	313.168	311.448	315.159	309.433	313.177	312.853	314.606	311.416	285.408	288.669	290.617	283.425	203.376	202.544	203.531	202.388	322.596	322.94	323.903	321.629	58.5235	61.8466	63.2456	57.0088	254.167	260.572	260.094	254.657	96.1873	91.2688	96.2549	91.1976	62.6817	66.5733	63.2456	66.0379	274.416	277.189	279.308	272.259	316.155	310.644	315.634	311.174	302.676	302.987	303.898	301.761	237.497	232.142	238.757	230.846	199.379	203.735	203.273	199.85	236.662	234.559	236.546	234.676	178.508	178.844	179.805	177.539	
295.102	294.824	295.655	294.269	164.149	159.452	164.785	158.795	4	5	6.40312	0	294.742	290.079	294.065	290.766	319.476	317.775	321.475	315.753	319.075	318.779	320.525	317.322	291.741	294.98	296.939	289.746	208.137	207.328	208.312	207.152	327.758	328.16	329.12	326.794	64.622	67.72	69.2892	62.9365	258.519	264.887	264.462	258.954	100.603	95.7549	100.717	95.6347	62.482	66.2193	63.1269	65.6049	280.765	283.558	285.671	278.614	319.758	314.358	319.352	314.77	308.367	308.707	309.614	307.456	242.866	237.598	244.18	236.248	203.384	207.714	207.299	203.806	240.104	238.019	240.01	238.113	183.657	184.098	185.054	182.694	
200.584	201.792	201.556	200.821	214.597	220.676	215.232	220.057	290.766	295.327	291.359	294.742	0	8.06226	7	4	249.904	253.949	252.834	251.032	185.456	188.597	188.449	185.607	319.331	326.497	324.678	321.179	111.212	112.614	111.826	112.004	121.202	125.936	126.115	121.017	284.297	290.663	285.955	289.033	437.247	443.464	441.222	439.509	197.732	202.83	197.952	202.615	348.518	352.639	348.726	352.433	244.561	252.175	251.072	245.693	27.8568	27.0185	31.0644	23.2594	159.452	162.521	162.444	159.531	126.764	133.776	130.25	130.384	406.923	410.845	409.207	408.571	54.7449	56.8859	54.9181	56.7186	141.481	145.207	144.402	142.302	
192.855	194.054	193.83	193.08	207.087	213.216	207.711	212.608	286.094	290.553	286.575	290.079	8.06226	0	4	7	242.217	246.221	245.153	243.298	178.227	181.334	181.224	178.34	311.276	318.442	316.628	313.121	103.812	105.209	104.403	104.623	115.209	119.854	120.075	114.978	278.298	284.605	279.866	283.064	429.635	435.836	433.583	431.909	192.398	197.497	192.588	197.312	343.211	347.328	343.402	347.14	236.578	244.19	243.101	237.697	30.1496	26.9258	31.6228	25.1794	152.21	155.261	155.206	152.266	118.701	125.718	122.188	122.332	399.671	403.575	401.927	401.329	50.04	52.0865	50.0899	52.0384	134.239	137.877	137.058	135.074	
193.786	195	194.756	194.031	210.231	216.4	210.846	215.801	290.079	294.532	290.553	294.065	7	4	0	8.06226	243.074	247.146	246	244.233	178.474	181.62	181.466	178.631	313.121	320.295	318.442	315.006	107.075	108.467	107.648	107.898	114.337	119.05	119.239	114.14	282.11	288.402	283.656	286.882	432.668	438.854	436.589	434.954	196.329	201.427	196.515	201.246	347.14	351.256	347.328	351.07	238.078	245.693	244.561	239.24	26.1725	23.2594	27.8568	21.2132	152.473	155.544	155.464	152.555	120.739	127.863	124.169	124.535	402.99	406.882	405.227	404.654	54.037	56.0803	54.0833	56.0357	137.594	141.174	140.346	138.438	
199.685	200.878	200.661	199.902	211.518	217.555	212.163	216.926	286.791	291.359	287.392	290.766	4	7	8.06226	0	249.07	253.049	252.01	250.122	185.219	188.322	188.215	185.327	317.522	324.678	322.899	319.331	108.074	109.481	108.706	108.853	122.025	126.696	126.905	121.807	280.516	286.895	282.195	285.244	434.245	440.477	438.248	436.495	193.83	198.927	194.054	198.708	344.606	348.726	344.816	348.518	243.101	250.711	249.65	244.19	31.6228	30.2324	34.4819	26.9258	159.201	162.25	162.197	159.255	124.824	131.727	128.363	128.281	403.636	407.571	405.938	405.278	50.8035	52.9528	50.9902	52.7731	138.221	142.004	141.209	139.032	
49.4975	48.3735	48.5077	49.366	155.589	160.031	154.897	160.702	316.495	316.18	313.168	319.476	249.904	242.217	243.074	249.07	0	5.83095	3	5	71.8471	68.2422	69.4046	70.7248	100.319	106.452	102.859	104	179.254	178.466	178.272	179.446	146.813	142.042	142.58	146.291	263.304	264.592	260.45	267.402	278.498	282.461	279.508	281.46	244.381	246.447	243.559	247.259	334.594	337.523	334.081	338.031	40.7185	41.2311	38.3275	43.4626	247.297	239.069	240.684	245.725	94.8103	91.6788	92.1303	94.3716	134.302	130.981	130.311	134.952	281.301	283.143	281.144	283.298	235	234.009	234	235.009	174.393	170.097	169.729	174.751	
53.3667	52.1728	52.3927	53.1507	154.175	158.417	153.457	159.113	314.841	314.414	311.448	317.775	253.949	246.221	247.146	253.049	5.83095	0	5	3	77.201	73.6003	74.8131	76.0263	94.541	100.648	97.0464	98.2344	181.334	180.51	180.347	181.497	152.013	147.275	147.828	151.476	261.008	262.155	258.07	265.047	273.095	277.016	274.06	276.062	244.074	246.028	243.239	246.854	331.887	334.772	331.361	335.292	37.7359	37.3363	34.5398	40.3113	251.782	243.516	245.204	250.138	99.7647	96.6488	97.1288	99.2975	137.058	133.454	133.06	137.441	276.463	278.259	276.261	278.46	238.053	237.019	237.053	238.019	175.514	171.129	170.792	175.841	
52.469	51.3517	51.4782	52.345	157.686	162.052	156.984	162.733	318.512	318.152	315.159	321.475	252.834	245.153	246	252.01	3	5	0	5.83095	74.3303	70.7248	71.8471	73.2462	99.1615	105.19	101.553	102.883	182.2	181.408	181.218	182.39	149.375	144.586	145.114	148.862	265.047	266.271	262.155	269.119	278.04	281.945	278.987	281.007	246.854	248.888	246.028	249.704	336.146	339.053	335.626	339.567	42.0595	42.0595	39.2173	44.7214	250.138	241.919	243.516	248.584	97.509	94.3716	94.8103	97.0824	137.295	133.959	133.304	137.931	281.455	283.254	281.256	283.452	238	237.008	237	238.008	177.2	172.887	172.525	177.553	
50.448	49.2443	49.4773	50.2195	152.03	156.349	151.321	157.035	312.8	312.418	309.433	315.753	251.032	243.298	244.233	250.122	5	3	5.83095	0	74.8131	71.218	72.4707	73.6003	95.7549	101.966	98.4124	99.4032	178.373	177.553	177.387	178.539	149.496	144.779	145.341	148.95	259.237	260.45	256.338	263.304	273.562	277.541	274.591	276.523	241.572	243.559	240.741	244.381	330.315	333.222	329.795	333.736	36.2353	36.4005	33.5261	38.9102	248.96	240.684	242.392	247.297	97.1288	94.0213	94.5145	96.6488	134.06	130.465	130.062	134.451	276.306	278.146	276.147	278.304	235.053	234.019	234.053	235.019	172.679	168.309	167.967	173.012	
35.4401	36.6879	35.7351	36.4005	160.655	167.045	160.353	167.335	315.571	316.708	313.177	319.075	185.456	178.227	178.474	185.219	71.8471	77.201	74.3303	74.8131	0	3.60555	3	2	165.801	172.609	169.452	169.027	138.975	138.679	138.134	139.517	75.1798	70.3278	70.8308	74.7061	272.369	275.436	270.703	277.074	332.363	337.108	334.271	335.216	229.268	232.607	228.65	233.214	346.919	350.383	346.595	350.704	88.5889	94.6678	92.1141	91.2414	179.293	171.406	172.467	178.272	26.0192	23	23.0217	26	90.1388	91.0494	86.8389	94.2019	325.269	327.835	325.859	327.249	180.712	180.205	179.739	181.177	146.373	143.586	142.864	147.078	
32.7567	33.9559	32.9848	33.7343	159.703	166.027	159.38	166.337	315.297	316.362	312.853	318.779	188.597	181.334	181.62	188.322	68.2422	73.6003	70.7248	71.218	3.60555	0	2	3	162.41	169.201	166.027	165.653	140.46	140.132	139.607	140.982	78.7718	73.9256	74.4312	78.2943	271.536	274.521	269.809	276.219	329.539	334.253	331.409	332.399	229.584	232.863	228.954	233.482	346.023	349.464	345.689	349.794	85.4225	91.4166	88.8369	88.1022	182.661	174.748	175.847	181.604	29.1548	26.0768	26.1725	29.0689	91.586	92.2009	88.2043	95.4411	322.876	325.412	323.433	324.858	183.199	182.661	182.222	183.636	147.139	144.25	143.544	147.828	
34.7131	35.9026	34.9285	35.6931	161.595	167.932	161.276	168.238	317.036	318.121	314.606	320.525	188.449	181.224	181.466	188.215	69.4046	74.8131	71.8471	72.4707	3	2	0	3.60555	164.027	170.801	167.61	167.287	141.51	141.198	140.663	142.042	77.8267	72.9452	73.4302	77.3692	273.408	276.409	271.693	278.095	331.445	336.15	333.305	334.307	231.138	234.438	230.512	235.053	347.908	351.353	347.576	351.682	87.2067	93.1504	90.5539	89.8999	182.222	174.347	175.391	181.218	29.0172	26	26.0192	29	92.6499	93.4077	89.3085	96.6075	324.858	327.391	325.412	326.841	183.636	183.12	182.661	184.092	148.519	145.671	144.959	149.215	
33.5261	34.7851	33.8378	34.4819	158.751	165.13	158.446	165.424	313.823	314.941	311.416	317.322	185.607	178.34	178.631	185.327	70.7248	76.0263	73.2462	73.6003	2	3	3.60555	0	164.201	171.026	167.887	167.41	137.906	137.594	137.058	138.438	76.1577	71.3442	71.8679	75.6637	270.49	273.542	268.812	275.191	330.462	335.216	332.381	333.314	227.702	231.019	227.079	231.631	345.029	348.488	344.703	348.811	86.8332	92.9624	90.4268	89.4707	179.739	171.814	172.931	178.664	26.1725	23.0868	23.1948	26.0768	89.0449	89.8109	85.703	93.0054	323.289	325.859	323.883	325.269	180.269	179.739	179.293	180.712	144.972	142.144	141.428	145.671	
133.124	131.712	132.458	132.382	149.345	149.459	148.354	150.443	289.746	287.433	285.408	291.741	319.331	311.276	313.121	317.522	100.319	94.541	99.1615	95.7549	165.801	162.41	164.027	164.201	0	7.2111	6	4	223.652	222.428	222.686	223.394	236.191	232	232.725	235.476	228.02	226.612	223.826	230.755	183.044	186.269	183.273	186.043	245.54	245.569	244.559	246.546	288.043	290.038	287.308	290.766	79.2086	72.1388	74.3303	77.1557	323.512	314.925	317.605	320.882	183.251	180.48	181.218	182.521	192.782	186.215	189.18	189.874	196.291	197.185	195.249	198.217	289.981	288.402	289.033	289.353	205.205	200.112	200.26	205.061	
140.121	138.708	139.445	139.388	154.829	154.719	153.834	155.708	293.061	290.617	288.669	294.98	326.497	318.442	320.295	324.678	106.452	100.648	105.19	101.966	172.609	169.201	170.801	171.026	7.2111	0	4	6	230.495	229.264	229.532	230.228	243.249	239.04	239.76	242.539	231.009	229.401	226.738	233.624	179.011	182.044	179.045	182.011	250.715	250.639	249.73	251.621	289.836	291.743	289.085	292.488	86.3134	79.196	81.3449	84.2912	330.72	322.134	324.815	328.087	190.276	187.491	188.223	189.552	199.922	193.329	196.329	196.977	194.18	194.92	193.003	196.087	296.946	295.357	296	296.306	211.747	206.652	206.814	211.589	
137.208	135.794	136.517	136.488	155.293	155.364	154.302	156.349	294.98	292.606	290.617	296.939	324.678	316.628	318.442	322.899	102.859	97.0464	101.553	98.4124	169.452	166.027	167.61	167.887	6	4	0	7.2111	229.452	228.232	228.484	229.201	240.42	236.178	236.89	239.719	233.094	231.588	228.862	235.771	183.011	186.043	183.044	186.011	251.432	251.436	250.45	252.414	292.488	294.432	291.743	295.169	83.6301	76.4199	78.492	81.6884	328.609	320.028	322.665	326.02	187.395	184.589	185.311	186.682	198.215	191.708	194.589	195.387	197.995	198.761	196.84	199.905	295.677	294.109	294.727	295.061	211.142	206.051	206.194	211.002	
136.125	134.715	135.473	135.37	148.862	148.788	147.868	149.777	287.793	285.408	283.425	289.746	321.179	313.121	315.006	319.331	104	98.2344	102.883	99.4032	169.027	165.653	167.287	167.41	4	6	7.2111	0	224.722	223.486	223.761	224.448	239.069	234.913	235.646	238.346	225.887	224.377	221.653	228.561	179.045	182.275	179.279	182.044	244.806	244.753	243.822	245.734	285.351	287.308	284.609	288.043	82.0366	75.0733	77.3369	79.9062	325.656	317.065	319.789	322.981	186.196	183.448	184.196	185.456	194.538	187.883	190.969	191.51	192.442	193.313	191.379	194.366	291.275	289.676	290.331	290.622	205.828	200.731	200.898	205.665	
133.454	134.104	134.406	133.15	103.479	109.481	104.139	108.853	204.198	207.331	203.376	208.137	111.212	103.812	107.075	108.074	179.254	181.334	182.2	178.373	138.975	140.46	141.51	137.906	223.652	230.495	229.452	224.722	0	1.41421	1	1	122.156	123.434	124.326	121.248	182.584	188.247	183.308	187.542	326.314	332.584	330.389	328.536	107.935	112.588	107.708	112.805	253.032	257.049	253.049	257.031	159.028	166.108	166.027	159.113	127.906	120.341	124.888	123.471	118.562	120.254	120.88	117.924	48.8774	49.3964	52.3546	45.6946	295.936	299.817	298.158	297.607	68.0955	66.242	67.2309	67.1193	30.8707	34.1321	33.2866	31.7805	
132.816	133.454	133.765	132.503	102.069	108.074	102.728	107.448	203.394	206.495	202.544	207.328	112.614	105.209	108.467	109.481	178.466	180.51	181.408	177.553	138.679	140.132	141.198	137.594	222.428	229.264	228.232	223.486	1.41421	0	1	1	122.654	123.879	124.776	121.742	181.463	187.107	182.165	186.424	324.902	331.171	328.976	327.124	107.201	111.83	106.963	112.058	252.018	256.031	252.032	256.018	158.013	165.076	165.012	158.079	129.252	121.672	126.21	124.824	118.444	120.104	120.739	117.796	48.5489	48.8467	51.9711	45.1885	294.551	298.429	296.769	296.223	69.4622	67.6018	68.6003	68.4763	29.5466	32.7567	31.9061	30.4631	
132.503	133.15	133.454	132.197	102.825	108.853	103.479	108.231	204.377	207.483	203.531	208.312	111.826	104.403	107.648	108.706	178.272	180.347	181.218	177.387	138.134	139.607	140.663	137.058	222.686	229.532	228.484	223.761	1	1	0	1.41421	121.742	122.984	123.879	120.83	182.455	188.096	183.153	187.417	325.641	331.905	329.706	327.867	108.171	112.805	107.935	113.031	253.018	257.031	253.032	257.018	158.028	165.109	165.027	158.114	128.363	120.768	125.3	123.944	117.796	119.474	120.104	117.154	48.0208	48.4665	51.4782	44.7772	295.386	299.261	297.599	297.061	68.9638	67.1193	68.0955	68	30.4631	33.6155	32.7567	31.3847	
133.765	134.406	134.715	133.454	102.728	108.706	103.392	108.074	203.214	206.342	202.388	207.152	112.004	104.623	107.898	108.853	179.446	181.497	182.39	178.539	139.517	140.982	142.042	138.438	223.394	230.228	229.201	224.448	1	1	1.41421	0	123.065	124.326	125.22	122.156	181.593	187.259	182.321	186.55	325.576	331.851	329.66	327.794	106.963	111.611	106.733	111.83	252.032	256.049	252.05	256.031	159.013	166.075	166.012	159.079	128.798	121.248	125.801	124.354	119.206	120.88	121.511	118.562	49.3964	49.7695	52.8394	46.0977	295.102	298.987	297.33	296.771	68.6003	66.7308	67.7422	67.6018	29.9666	33.2866	32.45	30.8707	
103.325	104.738	104.062	104.005	189.763	196.825	189.855	196.736	323.903	326.466	322.596	327.758	121.202	115.209	114.337	122.025	146.813	152.013	149.375	149.496	75.1798	78.7718	77.8267	76.1577	236.191	243.249	240.42	239.069	122.156	122.654	121.742	123.065	0	5.09902	5	1	293.246	297.814	292.828	298.225	390.468	395.79	393.102	393.174	228.98	233.38	228.65	233.703	367.022	370.864	366.895	370.989	157.035	164.055	161.929	159.226	109.041	102.02	102.044	109.018	53.1507	56.0803	55.4437	53.8145	86.4696	93.1343	86.1452	93.4345	375.111	378.227	376.324	377.02	134.272	134.618	133.454	135.429	144.101	143.837	142.864	145.066	
99.0051	100.419	99.7246	99.7046	188.383	195.433	188.449	195.369	324.322	326.794	322.94	328.16	125.936	119.854	119.05	126.696	142.042	147.275	144.586	144.779	70.3278	73.9256	72.9452	71.3442	232	239.04	236.178	234.913	123.434	123.879	122.984	124.326	5.09902	0	1	5	292.754	297.229	292.25	297.725	387.424	392.703	390.001	390.144	229.752	234.094	229.401	234.438	366.706	370.527	366.565	370.666	152.899	159.862	157.699	155.129	114.07	107.005	107.075	114.004	48.7955	51.6624	50.9902	49.4975	86.1452	92.5419	85.5862	93.0591	372.69	375.769	373.858	374.606	137.844	138.13	137.011	138.957	144.544	144.101	143.136	145.499	
99.7046	101.119	100.419	100.409	189.381	196.431	189.447	196.367	325.281	327.758	323.903	329.12	126.115	120.075	119.239	126.905	142.58	147.828	145.114	145.341	70.8308	74.4312	73.4302	71.8679	232.725	239.76	236.89	235.646	124.326	124.776	123.879	125.22	5	1	0	5.09902	293.748	298.225	293.246	298.719	388.33	393.605	390.902	391.051	230.688	235.034	230.339	235.376	367.696	371.517	367.555	371.656	153.639	160.59	158.417	155.878	114.039	107.019	107.042	114.018	49.4975	52.345	51.6624	50.2096	87.1321	93.5361	86.5794	94.0479	373.648	376.724	374.813	375.565	138.398	138.698	137.568	139.521	145.499	145.066	144.101	146.455	
102.65	104.062	103.392	103.325	188.767	195.829	188.86	195.74	322.94	325.498	321.629	326.794	121.017	114.978	114.14	121.807	146.291	151.476	148.862	148.95	74.7061	78.2943	77.3692	75.6637	235.476	242.539	239.719	238.346	121.248	121.742	120.83	122.156	1	5	5.09902	0	292.25	296.816	291.83	297.229	389.566	394.894	392.207	392.272	228.037	232.433	227.706	232.757	366.03	369.872	365.903	369.997	156.311	163.343	161.227	158.493	109.073	102.005	102.078	109.005	52.4976	55.4437	54.8179	53.1507	85.4751	92.1358	85.1469	92.4392	374.156	377.276	375.373	376.065	133.701	134.034	132.88	134.848	143.136	142.864	141.891	144.101	
244.73	244.248	245.153	243.824	112.004	106.024	112.401	105.603	63.2456	60.0083	58.5235	64.622	284.297	278.298	282.11	280.516	263.304	261.008	265.047	259.237	272.369	271.536	273.408	270.49	228.02	231.009	233.094	225.887	182.584	181.463	182.455	181.593	293.246	292.754	293.748	292.25	0	7.07107	5	5	204.978	211.596	210.723	205.876	90.4268	85.703	89.8888	86.267	74.7262	78.339	74.4648	78.5875	223.403	225.364	227.702	221.02	306.185	299.541	304.385	301.37	265.59	265.398	266.363	264.622	206.785	200.212	207.171	199.812	153.873	158.345	157.496	154.742	230.465	228.239	230.106	228.6	153.395	152.118	153.118	152.398	
247.251	246.733	247.649	246.333	114.826	108.632	115.169	108.268	66.7083	62.9365	61.8466	67.72	290.663	284.605	288.402	286.895	264.592	262.155	266.271	260.45	275.436	274.521	276.409	273.542	226.612	229.401	231.588	224.377	188.247	187.107	188.096	187.259	297.814	297.229	298.225	296.816	7.07107	0	5	5	198.761	205.361	204.534	199.612	97.3499	92.6553	96.7988	93.2309	71.5122	74.9466	71.1688	75.2728	224.475	226.206	228.6	222.036	312.36	305.655	310.483	307.561	269.236	268.972	269.943	268.263	211.4	204.707	211.684	204.414	147.231	151.7	150.881	148.071	236.947	234.719	236.578	235.091	158.808	157.385	158.382	157.813	
242.668	242.161	243.074	241.754	110.136	104	110.494	103.619	68.0074	64.622	63.2456	69.2892	285.955	279.866	283.656	282.195	260.45	258.07	262.155	256.338	270.703	269.809	271.693	268.812	223.826	226.738	228.862	221.653	183.308	182.165	183.153	182.321	292.828	292.25	293.246	291.83	5	5	0	7.07107	200.202	206.828	205.934	201.122	93.2309	88.6002	92.6553	89.202	76.2168	79.6994	75.8947	80.0062	220.418	222.248	224.617	218.002	307.561	300.832	305.655	302.769	264.373	264.123	265.092	263.401	206.41	199.725	206.7	199.424	149.372	153.844	152.971	150.266	232.312	230.083	231.935	230.463	153.834	152.398	153.395	152.84	
249.275	248.781	249.69	248.365	116.619	110.571	117	110.168	61.8466	58.1893	57.0088	62.9365	289.033	283.064	286.882	285.244	267.402	265.047	269.119	263.304	277.074	276.219	278.095	275.191	230.755	233.624	235.771	228.561	187.542	186.424	187.417	186.55	298.225	297.725	298.719	297.229	5	5	7.07107	0	203.571	210.162	209.354	204.402	94.6678	89.8888	94.1541	90.4268	69.9214	73.4983	69.6419	73.7631	227.407	229.268	231.631	225	311.005	304.385	309.233	306.185	270.431	270.224	271.19	269.462	211.766	205.183	212.144	204.793	151.796	156.263	155.467	152.611	235.136	232.912	234.785	233.266	158.382	157.115	158.114	157.385	
296.939	295.677	296.628	295.99	222.874	217.111	222.194	217.807	259.106	253.569	254.167	258.519	437.247	429.635	432.668	434.245	278.498	273.095	278.04	273.562	332.363	329.539	331.445	330.462	183.044	179.011	183.011	179.045	326.314	324.902	325.641	325.576	390.468	387.424	388.33	389.566	204.978	198.761	200.202	203.571	0	6.7082	6	3	280.216	276.942	279.342	277.824	216.333	215.595	215.335	216.592	245.693	241.124	244.049	242.788	450.898	442.652	446.616	446.972	342.243	340.194	341.123	341.317	320.062	312.021	317.855	314.269	57.3149	53.6004	53.3385	57.5587	391.747	389.632	391.036	390.346	297.015	292.828	293.552	296.299	
301.705	300.433	301.378	300.761	229.172	223.45	228.484	224.154	265.505	259.942	260.572	264.887	443.464	435.836	438.854	440.477	282.461	277.016	281.945	277.541	337.108	334.253	336.15	335.216	186.269	182.044	186.043	182.275	332.584	331.171	331.905	331.851	395.79	392.703	393.605	394.894	211.596	205.361	206.828	210.162	6.7082	0	3	6	286.918	283.648	286.044	284.529	222.182	221.382	221.183	222.38	250.14	245.447	248.357	247.251	456.968	448.707	452.651	453.062	347.311	345.232	346.156	346.39	325.909	317.874	323.668	320.156	63.0714	59.2115	59.0762	63.1981	398.132	396.02	397.417	396.738	303.356	299.147	299.867	302.645	
298.873	297.599	298.543	297.93	227.009	221.326	226.314	222.036	265.036	259.509	260.094	264.462	441.222	433.583	436.589	438.248	279.508	274.06	278.987	274.591	334.271	331.409	333.305	332.381	183.273	179.045	183.044	179.279	330.389	328.976	329.706	329.66	393.102	390.001	390.902	392.207	210.723	204.534	205.934	209.354	6	3	0	6.7082	285.477	282.243	284.598	283.129	222.324	221.578	221.326	222.576	247.251	242.539	245.447	244.364	454.622	446.351	450.282	450.728	344.549	342.462	343.385	343.629	323.438	315.406	321.179	317.706	63.2851	59.5399	59.3043	63.5059	396.043	393.935	395.324	394.657	301.227	296.998	297.713	300.521	
299.79	298.53	299.481	298.839	225.078	219.276	224.404	219.966	259.586	254.012	254.657	258.954	439.509	431.909	434.954	436.495	281.46	276.062	281.007	276.523	335.216	332.399	334.307	333.314	186.043	182.011	186.011	182.044	328.536	327.124	327.867	327.794	393.174	390.144	391.051	392.272	205.876	199.612	201.122	204.402	3	6	6.7082	0	281.684	278.374	280.815	279.251	216.187	215.393	215.188	216.391	248.6	244.049	246.976	245.693	453.264	445.028	449.004	449.325	345.023	342.983	343.913	344.096	322.56	314.516	320.37	316.746	57.0789	53.2353	53.0848	57.2189	393.859	391.74	393.151	392.45	299.174	295.007	295.736	298.453	
210.761	210.794	211.483	210.069	96.8401	96.1041	97.8008	95.1262	96.6282	100.18	96.1873	100.603	197.732	192.398	196.329	193.83	244.381	244.074	246.854	241.572	229.268	229.584	231.138	227.702	245.54	250.715	251.432	244.806	107.935	107.201	108.171	106.963	228.98	229.752	230.688	228.037	90.4268	97.3499	93.2309	94.6678	280.216	286.918	285.477	281.684	0	5.09902	1	5	150.814	154.932	151.01	154.742	210.381	215.133	216.529	208.943	221.472	215.574	220.538	216.529	214.981	215.78	216.615	214.14	146.25	142.021	148.125	140.064	235.601	240	238.805	236.812	143.098	140.918	142.864	141.156	85.8662	87.3212	88.193	84.9706	
213.546	213.551	214.255	212.84	97.4064	96.3016	98.3514	95.3362	91.7878	95.2575	91.2688	95.7549	202.83	197.497	201.427	198.927	246.447	246.028	248.888	243.559	232.607	232.863	234.438	231.019	245.569	250.639	251.436	244.753	112.588	111.83	112.805	111.611	233.38	234.094	235.034	232.433	85.703	92.6553	88.6002	89.8888	276.942	283.648	282.243	278.374	5.09902	0	5	1	145.715	149.833	145.911	149.643	211.986	216.601	218.057	210.488	226.566	220.658	225.621	221.624	218.68	219.429	220.273	217.83	150.27	145.89	152.069	144.014	231.815	236.224	235.053	233.002	148.192	146.014	147.959	146.25	89.9611	91.2414	92.1303	89.0505	
210.04	210.069	210.761	209.347	95.8801	95.1262	96.8401	94.1488	96.7471	100.245	96.2549	100.717	197.952	192.588	196.515	194.054	243.559	243.239	246.028	240.741	228.65	228.954	230.512	227.079	244.559	249.73	250.45	243.822	107.708	106.963	107.935	106.733	228.65	229.401	230.339	227.706	89.8888	96.7988	92.6553	94.1541	279.342	286.044	284.598	280.815	1	5	0	5.09902	150.625	154.742	150.814	154.557	209.507	214.245	215.648	208.062	221.624	215.697	220.658	216.684	214.443	215.23	216.067	213.6	145.794	141.524	147.648	139.589	234.804	239.201	238.002	236.019	143.339	141.156	143.098	141.4	85.4283	86.8332	87.7097	84.5281	
214.255	214.264	214.965	213.551	98.3514	97.2677	99.2975	96.3016	91.6624	95.1893	91.1976	95.6347	202.615	197.312	201.246	198.708	247.259	246.854	249.704	244.381	233.214	233.482	235.053	231.631	246.546	251.621	252.414	245.734	112.805	112.058	113.031	111.83	233.703	234.438	235.376	232.757	86.267	93.2309	89.202	90.4268	277.824	284.529	283.129	279.251	5	1	5.09902	0	145.911	150.03	146.113	149.833	212.85	217.479	218.929	211.358	226.418	220.538	225.504	221.472	219.208	219.968	220.81	218.36	150.712	146.373	152.532	144.475	232.622	237.034	235.866	233.805	147.959	145.784	147.733	146.014	90.377	91.7061	92.5905	89.4707	
318.693	318.159	319.08	317.77	186.336	180.136	186.682	179.778	65.6049	59.4054	62.6817	62.482	348.518	343.211	347.14	344.606	334.594	331.887	336.146	330.315	346.919	346.023	347.908	345.029	288.043	289.836	292.488	285.351	253.032	252.018	253.018	252.032	367.022	366.706	367.696	366.03	74.7262	71.5122	76.2168	69.9214	216.333	222.182	222.324	216.187	150.814	145.715	150.625	145.911	0	4.12311	1	4	294.151	295.386	297.899	291.606	372.2	366.154	371.098	367.271	340.309	340.124	341.088	339.342	280.585	274.235	281.155	273.651	159.113	163.049	163.11	159.05	293.833	291.666	293.621	291.88	225.18	224.437	225.435	224.181	
322.006	321.462	322.386	321.081	189.763	183.521	190.097	183.175	69.4046	63.2456	66.5733	66.2193	352.639	347.328	351.256	348.726	337.523	334.772	339.053	333.222	350.383	349.464	351.353	348.488	290.038	291.743	294.432	287.308	257.049	256.031	257.031	256.049	370.864	370.527	371.517	369.872	78.339	74.9466	79.6994	73.4983	215.595	221.382	221.578	215.393	154.932	149.833	154.742	150.03	4.12311	0	4	1	297.039	298.198	300.727	294.478	376.311	370.259	375.203	371.383	343.926	343.722	344.688	342.958	284.417	278.04	284.965	277.478	158.316	162.197	162.308	158.202	297.955	295.787	297.741	296.002	229.14	228.37	229.369	228.14	
318.308	317.77	318.693	317.385	185.995	179.778	186.336	179.424	66.2193	60	63.2456	63.1269	348.726	343.402	347.328	344.816	334.081	331.361	335.626	329.795	346.595	345.689	347.576	344.703	287.308	289.085	291.743	284.609	253.049	252.032	253.032	252.05	366.895	366.565	367.555	365.903	74.4648	71.1688	75.8947	69.6419	215.335	221.183	221.326	215.188	151.01	145.911	150.814	146.113	1	4	0	4.12311	293.626	294.839	297.357	291.076	372.368	366.306	371.248	367.441	340.054	339.86	340.825	339.087	280.451	274.084	281.007	273.514	158.114	162.049	162.111	158.051	294.049	291.88	293.833	292.098	225.142	224.377	225.375	224.143	
322.386	321.846	322.769	321.462	190.097	183.872	190.436	183.521	68.8186	62.6817	66.0379	65.6049	352.433	347.14	351.07	348.518	338.031	335.292	339.567	333.736	350.704	349.794	351.682	348.811	290.766	292.488	295.169	288.043	257.031	256.018	257.018	256.031	370.989	370.666	371.656	369.997	78.5875	75.2728	80.0062	73.7631	216.592	222.38	222.576	216.391	154.742	149.643	154.557	149.833	4	1	4.12311	0	297.558	298.739	301.264	295.002	376.145	370.109	375.055	371.214	344.177	343.983	344.948	343.21	284.549	278.189	285.111	277.613	159.314	163.196	163.306	159.201	297.741	295.576	297.532	295.787	229.177	228.429	229.428	228.178	
54.4059	53.0094	53.8238	53.6004	117.924	121.754	117.154	122.495	277.901	277.316	274.416	280.765	244.561	236.578	238.078	243.101	40.7185	37.7359	42.0595	36.2353	88.5889	85.4225	87.2067	86.8332	79.2086	86.3134	83.6301	82.0366	159.028	158.013	158.028	159.013	157.035	152.899	153.639	156.311	223.403	224.475	220.418	227.407	245.693	250.14	247.251	248.6	210.381	211.986	209.507	212.85	294.151	297.039	293.626	297.558	0	7.61577	7	3	246.532	238	240.393	244.199	104.235	101.533	102.303	103.479	120.304	114.935	116.417	118.87	244.033	246.13	244.131	246.033	221.118	219.804	220.132	220.792	148.125	143.377	143.199	148.297	
61.0737	59.6657	60.4401	60.3075	121.606	125.1	120.801	125.877	280.765	280.018	277.189	283.558	252.175	244.19	245.693	250.711	41.2311	37.3363	42.0595	36.4005	94.6678	91.4166	93.1504	92.9624	72.1388	79.196	76.4199	75.0733	166.108	165.076	165.109	166.075	164.055	159.862	160.59	163.343	225.364	226.206	222.248	229.268	241.124	245.447	242.539	244.049	215.133	216.601	214.245	217.479	295.386	298.198	294.839	298.739	7.61577	0	3	7	254.118	245.589	247.97	251.796	111.126	108.374	109.124	110.39	127.816	122.376	123.94	126.301	241.019	243.002	241.002	243.019	228.528	227.2	227.543	228.186	154.574	149.777	149.626	154.719	
58.7963	57.3847	58.1378	58.0517	123.406	127.016	122.613	127.781	282.857	282.158	279.308	285.671	251.072	243.101	244.561	249.65	38.3275	34.5398	39.2173	33.5261	92.1141	88.8369	90.5539	90.4268	74.3303	81.3449	78.492	77.3369	166.027	165.012	165.027	166.012	161.929	157.699	158.417	161.227	227.702	228.6	224.617	231.631	244.049	248.357	245.447	246.976	216.529	218.057	215.648	218.929	297.899	300.727	297.357	301.264	7	3	0	7.61577	252.715	244.199	246.532	250.44	108.931	106.151	106.888	108.208	127.122	121.824	123.223	125.766	244.018	246.002	244.002	246.018	228.022	226.718	227.035	227.706	155.029	150.266	150.097	155.193	
56.8595	55.4707	56.3028	56.0357	116.039	119.754	115.256	120.507	275.772	275.138	272.259	278.614	245.693	237.697	239.24	244.19	43.4626	40.3113	44.7214	38.9102	91.2414	88.1022	89.8999	89.4707	77.1557	84.2912	81.6884	79.9062	159.113	158.079	158.114	159.079	159.226	155.129	155.878	158.493	221.02	222.036	218.002	225	242.788	247.251	244.364	245.693	208.943	210.488	208.062	211.358	291.606	294.478	291.076	295.002	3	7	7.61577	0	247.97	239.426	241.868	245.589	106.527	103.856	104.637	105.759	121.037	115.521	117.175	119.436	241.033	243.132	241.133	243.033	221.639	220.302	220.656	221.287	147.648	142.864	142.706	147.801	
198.882	200.18	199.812	199.251	229.652	236.072	230.202	235.536	315.767	320.141	316.155	319.758	27.8568	30.1496	26.1725	31.6228	247.297	251.782	250.138	248.96	179.293	182.661	182.222	179.739	323.512	330.72	328.609	325.656	127.906	129.252	128.363	128.798	109.041	114.07	114.039	109.073	306.185	312.36	307.561	311.005	450.898	456.968	454.622	453.264	221.472	226.566	221.624	226.418	372.2	376.311	372.368	376.145	246.532	254.118	252.715	247.97	0	8.60233	7	5	153.769	156.924	156.678	154.019	133.869	141.534	136.883	138.622	423.275	427.076	425.377	424.982	80.0062	82	80	82.0061	158.761	161.941	161.059	159.656	
190.547	191.838	191.481	190.906	221.653	228.114	222.191	227.59	310.363	314.636	310.644	314.358	27.0185	26.9258	23.2594	30.2324	239.069	243.516	241.919	240.684	171.406	174.748	174.347	171.814	314.925	322.134	320.028	317.065	120.341	121.672	120.768	121.248	102.02	107.005	107.019	102.005	299.541	305.655	300.832	304.385	442.652	448.707	446.351	445.028	215.574	220.658	215.697	220.538	366.154	370.259	366.306	370.109	238	245.589	244.199	239.426	8.60233	0	5	7	145.784	148.933	148.708	146.014	125.32	133.004	128.316	130.115	415.37	419.152	417.445	417.085	75.4255	77.3175	75.326	77.4145	151.212	154.289	153.395	152.118	
192.388	193.693	193.313	192.769	225.887	232.381	226.416	231.866	315.357	319.626	315.634	319.352	31.0644	31.6228	27.8568	34.4819	240.684	245.204	243.516	242.392	172.467	175.847	175.391	172.931	317.605	324.815	322.665	319.789	124.888	126.21	125.3	125.801	102.044	107.075	107.042	102.078	304.385	310.483	305.655	309.233	446.616	452.651	450.282	449.004	220.538	225.621	220.658	225.504	371.098	375.203	371.248	375.055	240.393	247.97	246.532	241.868	7	5	0	8.60233	146.997	150.153	149.897	147.258	128.725	136.473	131.643	133.66	419.663	423.43	421.717	421.385	80.399	82.2982	80.3057	82.3893	155.756	158.777	157.877	156.668	
197.101	198.386	198.04	197.449	225.488	231.873	226.049	231.327	310.78	315.159	311.174	314.77	23.2594	25.1794	21.2132	26.9258	245.725	250.138	248.584	247.297	178.272	181.604	181.218	178.664	320.882	328.087	326.02	322.981	123.471	124.824	123.944	124.354	109.018	114.004	114.018	109.005	301.37	307.561	302.769	306.185	446.972	453.062	450.728	449.325	216.529	221.624	216.684	221.472	367.271	371.383	367.441	371.214	244.199	251.796	250.44	245.589	5	7	8.60233	0	152.611	155.756	155.541	152.83	130.599	138.192	133.686	135.207	419.019	422.834	421.142	420.72	75.0067	77	75	77.0065	154.305	157.544	156.668	155.193	
50.2096	51.6236	50.9313	50.9117	155.708	162.496	155.563	162.635	304.726	306.341	302.676	308.367	159.452	152.21	152.473	159.201	94.8103	99.7647	97.509	97.1288	26.0192	29.1548	29.0172	26.1725	183.251	190.276	187.395	186.196	118.562	118.444	117.796	119.206	53.1507	48.7955	49.4975	52.4976	265.59	269.236	264.373	270.431	342.243	347.311	344.549	345.023	214.981	218.68	214.443	219.208	340.309	343.926	340.054	344.177	104.235	111.126	108.931	106.527	153.769	145.784	146.997	152.611	0	3.16228	3	1	70.7248	73.4098	68.0147	75.9276	330.927	333.768	331.821	332.88	155.769	155.361	154.806	156.32	130	127.883	127.063	130.801	
47.3814	48.7955	48.0833	48.1041	155.193	161.941	155.029	162.099	305.084	306.635	302.987	308.707	162.521	155.261	155.544	162.25	91.6788	96.6488	94.3716	94.0213	23	26.0768	26	23.0868	180.48	187.491	184.589	183.448	120.254	120.104	119.474	120.88	56.0803	51.6624	52.345	55.4437	265.398	268.972	264.123	270.224	340.194	345.232	342.462	342.983	215.78	219.429	215.23	219.968	340.124	343.722	339.86	343.983	101.533	108.374	106.151	103.856	156.924	148.933	150.153	155.756	3.16228	0	1	3	72.1388	74.5185	69.3109	77.1557	329.31	332.122	330.171	331.266	158.398	157.965	157.433	158.928	131.034	128.81	128.004	131.822	
48.1041	49.5177	48.7955	48.8365	156.179	162.929	156.016	163.086	305.989	307.548	303.898	309.614	162.444	155.206	155.464	162.197	92.1303	97.1288	94.8103	94.5145	23.0217	26.1725	26.0192	23.1948	181.218	188.223	185.311	184.196	120.88	120.739	120.104	121.511	55.4437	50.9902	51.6624	54.8179	266.363	269.943	265.092	271.19	341.123	346.156	343.385	343.913	216.615	220.273	216.067	220.81	341.088	344.688	340.825	344.948	102.303	109.124	106.888	104.637	156.678	148.708	149.897	155.541	3	1	0	3.16228	72.8354	75.2861	70.0357	77.8974	330.288	333.098	331.146	332.244	158.66	158.24	157.696	159.201	131.822	129.619	128.81	132.612	
49.5177	50.9313	50.2494	50.2096	154.719	161.505	154.574	161.645	303.817	305.424	301.761	307.456	159.531	152.266	152.555	159.255	94.3716	99.2975	97.0824	96.6488	26	29.0689	29	26.0768	182.521	189.552	186.682	185.456	117.924	117.796	117.154	118.562	53.8145	49.4975	50.2096	53.1507	264.622	268.263	263.401	269.462	341.317	346.39	343.629	344.096	214.14	217.83	213.6	218.36	339.342	342.958	339.087	343.21	103.479	110.39	108.208	105.759	154.019	146.014	147.258	152.83	1	3	3.16228	0	70.0071	72.6223	67.2681	75.1665	329.952	332.794	330.847	331.904	155.502	155.081	154.538	156.042	129.201	127.063	126.246	130	
86.4928	87.2983	87.4757	86.3134	106.231	113.265	106.48	113.031	239.082	241.307	237.497	242.866	126.764	118.701	120.739	124.824	134.302	137.058	137.295	134.06	90.1388	91.586	92.6499	89.0449	192.782	199.922	198.215	194.538	48.8774	48.5489	48.0208	49.3964	86.4696	86.1452	87.1321	85.4751	206.785	211.4	206.41	211.766	320.062	325.909	323.438	322.56	146.25	150.27	145.794	150.712	280.585	284.417	280.451	284.549	120.304	127.816	127.122	121.037	133.869	125.32	128.725	130.599	70.7248	72.1388	72.8354	70.0071	0	8.06226	4	7	297.7	301.166	299.348	299.528	101.4	100.245	100.404	101.242	60.4152	59.0931	58.1808	61.2944	
