80
0	5.38516	2	5	54.231	55.0364	54.037	55.2268	173.104	175.003	173.003	175.103	121.396	129.757	122.972	128.265	203.482	205.244	203.246	205.477	239.24	240.26	237.403	242.076	330.082	331.303	329.317	332.063	292.084	295.015	292.015	295.083	402.588	404.742	400.476	406.832	90.4268	89.4036	87.0919	92.6553	91	87.2353	86.406	91.7878	247.631	252.24	247.386	252.48	65.192	69.1158	65.123	69.1809	191.552	191.003	186.271	196.156	187.523	191.324	188.489	190.373	211.287	209.404	206.17	214.443	72.0278	79.0063	72.0069	79.0253	391.031	396.989	390.15	397.854	311.718	313.683	312.698	312.706	366.111	370.086	366.087	370.109	
5.38516	0	5	2	49.4975	50.1597	49.163	50.4876	168.19	170.003	168.003	170.188	116.103	124.427	117.631	122.984	198.645	200.36	198.363	200.639	239.176	240.033	237.32	241.868	325.412	326.584	324.6	327.391	287.141	290.043	287.044	290.14	399.44	401.528	397.291	403.655	89.5545	88.2043	86.093	91.586	91.0824	87.0919	86.3771	91.7606	243.298	247.879	243.041	248.131	60.407	64.2806	60.2993	64.3817	189.908	189.095	184.505	194.371	182.148	185.946	183.109	185	210.488	208.396	205.292	213.516	67.1193	74.0068	67.0075	74.108	386.621	392.537	385.71	393.432	306.472	308.415	307.43	307.461	361.168	365.137	361.138	365.166	
2	5	0	5.38516	54.4518	55.1453	54.1479	55.4437	173.185	175.003	173.003	175.183	121.017	129.294	122.483	127.906	203.63	205.351	203.354	205.623	241.081	242.076	239.24	243.895	330.36	331.545	329.56	332.34	292.139	295.042	292.043	295.137	403.655	405.783	401.528	407.887	92.1141	91.022	88.7525	94.3027	92.8493	89.0505	88.2383	93.6216	248.131	252.723	247.879	252.97	65.3758	69.2604	65.2763	69.3542	193.08	192.463	187.768	197.649	186.904	190.686	187.84	189.763	213.002	211.078	207.87	216.134	72.111	79.0063	72.0069	79.1012	391.486	397.417	390.585	398.301	311.416	313.345	312.359	312.405	366.165	370.135	366.137	370.163	
5	2	5.38516	0	49.2544	50.04	49.0408	50.2494	168.107	170.003	168.003	170.106	116.499	124.908	118.14	123.357	198.494	200.25	198.252	200.489	237.32	238.202	235.468	240.033	325.129	326.339	324.353	327.11	287.085	290.016	287.016	290.084	398.362	400.476	396.227	402.588	87.818	86.5332	84.3801	89.8888	89.1964	85.235	84.5044	89.8888	242.788	247.386	242.539	247.631	60.208	64.1249	60.1332	64.195	188.353	187.609	182.981	192.852	182.784	186.601	183.774	185.626	208.751	206.7	203.571	211.804	67.0298	74.0068	67.0075	74.027	386.161	392.103	385.269	392.98	306.778	308.759	307.774	307.766	361.112	365.088	361.089	365.111	
54.231	49.4975	54.4518	49.2544	0	3.16228	3	1	119.004	121.149	119.151	121.004	71.1758	80.4984	74.3034	77.6209	149.272	151.083	149.084	151.268	218.689	218.124	216.723	220.077	275.915	277.094	275.109	277.894	238.008	241.008	238.008	241.008	355.035	356.776	352.695	359.089	71.1758	67.0075	67.1863	71.007	81.2527	75.9276	76.4003	80.8084	194.247	198.761	193.961	199.04	11	15.0333	11.0454	15	157.42	154.548	151.182	160.655	139.542	143.59	140.943	142.215	184.394	180.613	178.676	186.271	18.2483	25.7099	18.9737	25.1794	337.369	343.216	336.407	344.158	259.471	261.737	260.762	260.45	312.026	316.014	312.014	316.025	
55.0364	50.1597	55.1453	50.04	3.16228	0	1	3	118.068	120.037	118.038	120.067	69.0797	78.2943	72.0069	75.6108	148.486	150.213	148.216	150.479	221.461	220.844	219.493	222.8	275.378	276.487	274.505	277.354	237.053	240.002	237.002	240.052	356.006	357.694	353.638	360.035	74.2428	70.0286	70.2567	74.027	84.4038	79.0759	79.555	83.9524	194.18	198.655	193.879	198.95	10.4403	14.1421	10.198	14.3178	159.678	156.668	153.395	162.825	137.295	141.322	138.654	139.989	186.968	183.109	181.232	188.788	17	24.1868	17.2627	24	337.153	342.948	336.155	343.926	257.893	260.1	259.124	258.874	311.079	315.057	311.058	315.078	
54.037	49.163	54.1479	49.0408	3	1	0	3.16228	119.067	121.037	119.038	121.066	70.0071	79.2023	72.8972	76.5506	149.482	151.212	149.215	151.476	221.639	221.054	219.672	223.009	276.366	277.478	275.496	278.342	238.053	241.002	238.002	241.052	356.809	358.508	354.447	360.843	74.1687	70.0071	70.1783	74.0068	84.1724	78.8543	79.3095	83.7437	195.133	199.612	194.833	199.905	11.4018	15.1327	11.1803	15.2971	160.112	157.156	153.847	163.294	138.192	142.215	139.542	140.89	187.259	183.439	181.532	189.108	18	25.1794	18.2483	25	338.12	343.919	337.125	344.894	258.874	261.077	260.1	259.856	312.079	316.057	312.058	316.078	
55.2268	50.4876	55.4437	50.2494	1	3	3.16228	0	118.004	120.15	118.152	120.004	70.2638	79.6053	73.4302	76.6942	148.273	150.083	148.084	150.27	218.509	217.911	216.541	219.866	274.925	276.101	274.117	276.904	237.008	240.008	237.008	240.008	354.227	355.958	351.882	358.276	71.2531	67.0298	67.2681	71.0282	81.4923	76.1577	76.6551	81.0247	193.29	197.8	193.003	198.081	10	14.0357	10.0499	14	156.978	154.052	150.722	160.178	138.654	142.706	140.064	141.322	184.098	180.278	178.37	185.946	17.2627	24.7386	18.0278	24.1868	336.4	342.243	335.436	343.188	258.492	260.762	259.788	259.471	311.026	315.014	311.014	315.025	
173.104	168.19	173.185	168.107	119.004	118.068	119.067	118.004	0	7.28011	7	2	61.7738	59.8164	65.4599	55.7584	31.0483	32.249	30.2655	32.9848	228.116	223.893	226.241	225.788	158.862	159.452	157.496	160.801	119.004	122.037	119.038	122.004	267.372	267.479	264.273	270.542	142.394	136.953	140.471	138.924	158.518	154.353	156.119	156.78	86.6833	90	86.0523	90.6035	108.005	104.019	108.019	104.005	148.327	139.474	141.739	146.164	65.192	68.469	68.1836	65.4905	186.336	178.676	180.712	184.361	101.079	94.2603	101.242	94.0851	223.58	228.712	222.144	230.106	145.399	148.647	147.733	146.328	193.023	197.01	193.01	197.023	
175.003	170.003	175.003	170.003	121.149	120.037	121.037	120.15	7.28011	0	2	7	60.5392	57.4543	63.5295	54.1295	31.7648	31.9531	30.0832	33.541	235.376	231.164	233.499	233.06	158.808	159.11	157.175	160.723	117.273	120.067	117.068	120.266	271.627	271.592	268.472	274.711	147.665	142.172	145.619	144.267	163.783	159.512	161.245	162.077	89.8276	92.8493	89.1403	93.5094	110.164	106.118	110.114	106.17	155.596	146.751	149	153.444	58.0775	61.2944	61.0737	58.3095	193.598	185.946	187.968	191.635	103.044	96	103	96.0469	224.404	229.334	222.847	230.846	141.06	144.101	143.171	142.004	191.262	195.208	191.212	195.256	
173.003	168.003	173.003	168.003	119.151	118.038	119.038	118.152	7	2	0	7.28011	58.6941	55.7584	61.7738	52.3259	33.541	33.8378	31.9531	35.3412	234.696	230.532	232.813	232.433	160.723	161.047	159.11	162.641	119.269	122.066	119.067	122.262	272.853	272.855	269.713	275.96	145.962	140.46	143.892	142.58	162.077	157.785	159.512	160.378	91.2853	94.3663	90.6091	95.0158	108.167	104.12	108.116	104.173	154.952	146.164	148.327	152.882	58.2151	61.5224	61.2046	58.5491	192.925	185.311	187.275	191.018	101.045	94	101	94.0479	226.241	231.193	224.698	232.693	142.948	145.962	145.031	143.892	193.259	197.205	193.21	197.254	
175.103	170.188	175.183	170.106	121.004	120.067	121.066	120.004	2	7	7.28011	0	63.5295	61.4003	67.1193	57.4543	29.1204	30.2655	28.2843	31.0483	228.817	224.544	226.947	226.433	156.924	157.496	155.541	158.862	117.004	120.037	117.038	120.004	266.12	266.19	263.006	269.268	144.139	138.708	142.239	140.656	160.262	156.119	157.889	158.518	85.1469	88.4081	84.5044	89.0225	110.005	106.019	110.018	106.005	149	140.089	142.443	146.751	65.0692	68.2642	68.0661	65.2763	187.032	179.335	181.43	185	103.078	96.2549	103.238	96.0833	221.721	226.833	220.273	228.239	143.544	146.82	145.908	144.471	191.024	195.01	191.01	195.023	
121.396	116.103	121.017	116.499	71.1758	69.0797	70.0071	70.2638	61.7738	60.5392	58.6941	63.5295	0	9.89949	7	7	92.1954	92.477	90.6201	94.0213	245.277	242.668	243.288	244.663	219.146	219.246	217.332	221.045	175.756	178.059	175.094	178.709	325.466	326.014	322.552	328.897	122.066	116.499	118.811	119.817	136.821	131.655	132.91	135.602	147.872	151.433	147.299	151.99	61.2944	57.3062	60.8276	57.8014	170.074	163.441	163.077	170.423	68.6003	72.7186	70.1783	71.1969	205.244	199.04	199.251	205.039	53.7122	46.1411	52.3259	47.7074	284.935	289.871	283.387	291.385	190.518	192.354	191.366	191.51	249.195	253.032	249.064	253.16	
129.757	124.427	129.294	124.908	80.4984	78.2943	79.2023	79.6053	59.8164	57.4543	55.7584	61.4003	9.89949	0	7	7	89.1852	89.0056	87.2353	90.9175	253.032	250.252	251.048	252.242	214.888	214.73	212.84	216.76	170.294	172.386	169.446	173.22	325.96	326.314	322.964	329.28	131.826	126.246	128.6	129.53	146.649	141.496	142.762	145.417	146.492	149.807	145.866	150.416	70.8308	66.888	70.3278	67.4166	177.011	170.074	170.012	177.071	59.0593	63.1348	60.5392	61.7171	212.681	206.293	206.7	212.285	63.2851	55.7584	61.7738	57.4282	281.4	286.128	279.732	287.759	182.792	184.44	183.448	183.788	243.311	247.097	243.148	247.257	
122.972	117.631	122.483	118.14	74.3034	72.0069	72.8972	73.4302	65.4599	63.5295	61.7738	67.1193	7	7	0	9.89949	95.2943	95.2733	93.4719	97.0618	252.242	249.65	250.252	251.645	221.45	221.359	219.463	223.329	177.124	179.254	176.309	180.056	330.619	331.074	327.666	333.997	127.863	122.332	124.535	125.718	142.411	137.201	138.405	141.241	152.003	155.425	151.4	156.013	64.8999	61.0328	64.3506	61.6117	177.071	170.423	170.074	177.406	65.307	69.3181	66.6483	68.0294	212.236	206.039	206.243	212.038	57.4282	50	55.7584	51.8556	287.759	292.551	286.128	294.146	189.763	191.387	190.394	190.759	250.218	254.012	250.06	254.167	
128.265	122.984	127.906	123.357	77.6209	75.6108	76.5506	76.6942	55.7584	54.1295	52.3259	57.4543	7	7	9.89949	0	85.8662	86.0058	84.1724	87.6641	246.089	243.288	244.107	245.277	212.514	212.551	210.642	214.406	168.87	171.143	168.181	171.82	320.732	321.179	317.775	324.105	126.21	120.603	123.065	123.81	141.227	136.125	137.441	139.946	142.201	145.661	141.605	146.24	67.5426	63.5059	67.1193	63.9531	170.012	163.077	163.012	170.074	62.6817	66.8506	64.405	65.192	205.704	199.304	199.725	205.295	59.9333	52.3259	58.6941	53.7122	278.512	283.387	276.928	284.935	183.576	185.443	184.456	184.567	242.258	246.089	242.124	246.221	
203.482	198.645	203.63	198.494	149.272	148.486	149.482	148.273	31.0483	31.7648	33.541	29.1204	92.1954	89.1852	95.2943	85.8662	0	4.47214	4	2	233.06	228.079	231.294	229.87	127.816	128.456	126.495	129.757	89.2749	92.6553	89.6772	92.2659	242.99	242.621	239.708	245.864	166.012	160.823	164.56	162.308	182	178.272	180.136	180.155	59.8164	62.2896	59.0339	63.0317	138.293	134.373	138.362	134.302	153.834	144.253	147.872	150.36	77.1622	79.1202	80.0062	76.243	191.638	183.48	186.432	188.767	131.548	124.904	131.856	124.579	192.769	197.8	191.269	199.251	121.939	125.936	125.096	122.801	163.077	167.108	163.11	167.075	
205.244	200.36	205.351	200.25	151.083	150.213	151.212	150.083	32.249	31.9531	33.8378	30.2655	92.477	89.0056	95.2733	86.0058	4.47214	0	2	4	237.531	232.551	235.765	234.342	126.921	127.346	125.399	128.845	87.0517	90.2718	87.2812	90.05	245.177	244.706	241.859	247.986	169.387	164.158	167.869	165.711	185.408	181.618	183.469	183.576	61.8547	64.0312	61.0328	64.8151	140.089	136.132	140.129	136.092	158.294	148.718	152.322	154.829	74.0945	75.8947	76.896	73.0548	196.105	187.949	190.895	193.238	133.24	126.479	133.454	126.254	192.51	197.396	190.924	198.93	118.207	122.115	121.264	119.08	161.003	165.012	161.012	165.003	
203.246	198.363	203.354	198.252	149.084	148.216	149.215	148.084	30.2655	30.0832	31.9531	28.2843	90.6201	87.2353	93.4719	84.1724	4	2	0	4.47214	236.603	231.664	234.83	233.461	128.845	129.294	127.346	130.771	89.0505	92.2659	89.2749	92.0489	246.293	245.864	242.99	249.128	167.547	162.308	166.012	163.878	183.576	179.769	181.618	181.747	63.0079	65.2993	62.2013	66.0681	138.091	134.134	138.13	134.093	157.28	147.733	151.268	153.883	73.3894	75.2861	76.2168	72.4224	195.133	187	189.897	192.315	131.244	124.487	131.461	124.258	194.34	199.251	192.769	200.771	119.954	123.822	122.967	120.83	163.003	167.012	163.012	167.003	
205.477	200.639	205.623	200.489	151.268	150.479	151.476	150.27	32.9848	33.541	35.3412	31.0483	94.0213	90.9175	97.0618	87.6641	2	4	4.47214	0	234.002	228.98	232.243	230.764	125.877	126.495	124.535	127.816	87.2812	90.6697	87.6926	90.2718	241.859	241.448	238.562	244.706	167.869	162.69	166.433	164.158	183.848	180.136	182.003	182	58.6003	60.959	57.8014	61.7171	140.289	136.367	140.357	136.297	154.871	145.262	148.95	151.327	77.8332	79.6994	80.6536	76.844	192.627	184.448	187.449	189.708	133.54	126.89	133.843	126.57	190.924	195.931	189.41	197.396	120.221	124.258	123.422	121.078	161.078	165.109	161.112	165.076	
239.24	239.176	241.081	237.32	218.689	221.461	221.639	218.509	228.116	235.376	234.696	228.817	245.277	253.032	252.242	246.089	233.06	237.531	236.603	234.002	0	7.28011	2	7	291.4	296.624	295.042	293.002	290.814	295.787	293.757	292.865	247.073	252.198	247.202	252.071	150.867	153.574	154.69	149.723	148.246	152.086	152.846	147.462	215.863	220.002	216.601	219.276	216.947	217.442	217.938	216.449	79.8499	89.0505	86.3771	82.7345	291.371	295.115	294.245	292.25	41.7852	49.6588	47.4342	44.2945	219.107	221.508	222.092	218.515	315.9	323.932	317.593	322.273	342.958	348.283	347.667	343.583	344.246	348.023	344.859	347.415	
240.26	240.033	242.076	238.202	218.124	220.844	221.054	217.911	223.893	231.164	230.532	224.544	242.668	250.252	249.65	243.288	228.079	232.551	231.664	228.98	7.28011	0	7	2	284.614	289.871	288.3	286.204	284.609	289.588	287.587	286.63	240.033	245.131	240.133	245.033	151.222	153.688	154.984	149.893	149.372	153.026	153.873	148.499	209.69	213.776	210.44	213.038	216.021	216.379	217.007	215.39	75.5844	84.5044	82.28	78	287.503	291.204	290.395	288.321	37.855	45.2217	43.7379	39.5601	217.938	220.102	220.912	217.117	308.707	316.741	310.413	315.07	337.053	342.415	341.808	337.668	337.5	341.264	338.12	340.649	
237.403	237.32	239.24	235.468	216.723	219.493	219.672	216.541	226.241	233.499	232.813	226.947	243.288	251.048	250.252	244.107	231.294	235.765	234.83	232.243	2	7	0	7.28011	290.203	295.408	293.82	291.812	289.353	294.323	292.282	291.414	247.032	252.127	247.13	252.032	148.96	151.648	152.778	147.801	146.414	150.233	151.003	145.619	214.394	218.552	215.128	217.83	214.965	215.455	215.956	214.462	78	87.2353	84.5044	80.9506	289.456	293.205	292.329	290.341	39.9249	47.8539	45.5412	42.5441	217.117	219.513	220.102	216.52	315.07	323.098	316.741	321.459	341.397	346.712	346.092	342.025	343.023	346.808	343.634	346.204	
242.076	241.868	243.895	240.033	220.077	222.8	223.009	219.866	225.788	233.06	232.433	226.433	244.663	252.242	251.645	245.277	229.87	234.342	233.461	230.764	7	2	7.28011	0	285.834	291.11	289.546	287.418	286.094	291.076	289.085	288.106	240.075	245.204	240.208	245.073	153.101	155.589	156.869	151.789	151.169	154.845	155.682	150.306	211.192	215.258	211.946	214.516	217.993	218.358	218.979	217.368	77.4919	86.3771	84.2021	79.8499	289.43	293.128	292.323	290.243	39.8121	47.1275	45.7056	41.4367	219.92	222.092	222.895	219.107	309.555	317.593	311.281	315.9	338.634	344.006	343.402	339.246	338.742	342.498	339.366	341.88	
330.082	325.412	330.36	325.129	275.915	275.378	276.366	274.925	158.862	158.808	160.723	156.924	219.146	214.888	221.45	212.514	127.816	126.921	128.845	125.877	291.4	284.614	290.203	285.834	0	6.32456	6	2	51.6624	52.8015	54.6717	49.679	169.579	166.09	165.593	170.065	279.723	275.327	279.308	275.748	294.593	291.986	293.973	292.611	88.459	83.3607	88.2836	83.5464	265.036	261.237	265.189	261.082	226.738	217.375	223.707	220.493	181.706	181.011	183.439	179.254	256.944	248.685	253.819	251.873	258.6	252.23	259.116	251.7	69.029	72.4017	66.6108	74.6324	94.921	100.623	100.807	94.7259	53.0754	56.7274	53.7587	56.0803	
331.303	326.584	331.545	326.339	277.094	276.487	277.478	276.101	159.452	159.11	161.047	157.496	219.246	214.73	221.359	212.551	128.456	127.346	129.294	126.495	296.624	289.871	295.408	291.11	6.32456	0	2	6	48.9183	49.5177	51.6236	46.6905	175.411	171.843	171.421	175.824	282.434	277.966	281.938	278.469	297.424	294.727	296.709	295.447	91.6788	86.5852	91.444	86.8332	266.18	262.345	266.31	262.214	231.244	221.82	228.09	225.062	180.014	179.179	181.665	177.505	261.847	253.559	258.643	256.827	259.65	253.18	260.094	252.723	71.4493	74.2024	68.7677	76.6942	89.4986	95.1262	95.3415	89.2693	47.634	51.4004	48.2701	50.8035	
329.317	324.6	329.56	324.353	275.109	274.505	275.496	274.117	157.496	157.175	159.11	155.541	217.332	212.84	219.463	210.642	126.495	125.399	127.346	124.535	295.042	288.3	293.82	289.546	6	2	0	6.32456	47.4236	48.1664	50.2096	45.2548	175.559	172.052	171.572	176.028	280.451	275.98	279.952	276.487	295.447	292.746	294.727	293.471	89.7385	84.6463	89.4986	84.8999	264.197	260.363	264.327	260.231	229.473	220.036	226.294	223.305	178.34	177.53	180.006	175.841	260.169	251.873	256.944	255.163	257.67	251.205	258.118	250.745	72.9178	75.8024	70.2922	78.2432	89.0505	94.7259	94.921	88.8426	49.2037	53.0094	49.8197	52.4309	
332.063	327.391	332.34	327.11	277.894	277.354	278.342	276.904	160.801	160.723	162.641	158.862	221.045	216.76	223.329	214.406	129.757	128.845	130.771	127.816	293.002	286.204	291.812	287.418	2	6	6.32456	0	53.0377	54.037	55.9732	50.9902	169.425	165.873	165.436	169.853	281.711	277.318	281.299	277.735	296.575	293.973	295.959	294.593	90.4268	85.3288	90.2552	85.5102	267.013	263.213	267.165	263.059	228.53	219.18	225.524	222.272	183.349	182.628	185.068	180.887	258.643	250.392	255.539	253.559	260.572	254.197	261.084	253.671	67.4759	70.7248	65	73.0068	95.3415	101	101.203	95.1262	51.6236	55.2268	52.3259	54.5619	
292.084	287.141	292.139	287.085	238.008	237.053	238.053	237.008	119.004	117.273	119.269	117.004	175.756	170.294	177.124	168.87	89.2749	87.0517	89.0505	87.2812	290.814	284.609	289.353	286.094	51.6624	48.9183	47.4236	53.0377	0	5	4	3	212.72	210.06	208.83	213.928	252.606	247.681	251.543	248.761	268.287	264.97	266.895	266.372	74.9667	70.8378	74.2496	71.5891	227.009	223.02	227.02	223.009	218.048	208.195	213.654	212.702	131.727	130.698	133.255	129.139	252.517	244.035	248.421	248.204	220.057	213.15	220.145	213.059	120.341	123.065	117.686	125.607	57.28	63.3246	63.0635	57.5674	74.027	78.0064	74.0068	78.0256	
295.015	290.043	295.042	290.016	241.008	240.002	241.002	240.008	122.037	120.067	122.066	120.037	178.059	172.386	179.254	171.143	92.6553	90.2718	92.2659	90.6697	295.787	289.588	294.323	291.076	52.8015	49.5177	48.1664	54.037	5	0	3	4	215.956	213.19	212.05	217.076	256.603	251.645	255.494	252.771	272.325	268.961	270.88	270.416	79.9312	75.8222	79.2086	76.5768	230.009	226.002	230.002	226.009	222.913	213.054	218.488	217.589	132.412	131.229	133.843	129.769	257.449	248.966	253.338	253.148	223.002	216.037	223.036	216.002	120.917	123.329	118.14	125.992	52.6308	58.6941	58.4637	52.8867	71.2531	75.1665	71.1758	75.2396	
292.015	287.044	292.043	287.016	238.008	237.002	238.002	237.008	119.038	117.068	119.067	117.038	175.094	169.446	176.309	168.181	89.6772	87.2812	89.2749	87.6926	293.757	287.587	292.282	289.085	54.6717	51.6236	50.2096	55.9732	4	3	0	5	216.615	213.928	212.72	217.8	253.728	248.761	252.606	249.9	269.462	266.085	268.002	267.556	77.8974	73.8783	77.1557	74.6525	227.009	223.002	227.002	223.009	220.62	210.753	216.148	215.337	129.769	128.631	131.229	127.142	255.29	246.806	251.143	251.024	220.002	213.038	220.036	213.002	123.069	125.607	120.341	128.222	53.4509	59.4811	59.203	53.7587	74.2428	78.1601	74.1687	78.2304	
295.083	290.14	295.137	290.084	241.008	240.052	241.052	240.008	122.004	120.266	122.262	120.004	178.709	173.22	180.056	171.82	92.2659	90.05	92.0489	90.2718	292.865	286.63	291.414	288.106	49.679	46.6905	45.2548	50.9902	3	4	5	0	212.05	209.308	208.147	213.19	255.494	250.577	254.443	251.645	271.162	267.858	269.785	269.245	77.0779	72.8629	76.3806	73.5935	230.009	226.02	230.02	226.009	220.368	210.523	216.021	214.981	134.332	133.255	135.831	131.727	254.7	246.219	250.639	250.352	223.056	216.148	223.143	216.058	118.14	120.739	115.434	123.329	56.5155	62.5859	62.3699	56.7539	71.0282	75.0067	71.007	75.0267	
402.588	399.44	403.655	398.362	355.035	356.006	356.809	354.227	267.372	271.627	272.853	266.12	325.466	325.96	330.619	320.732	242.99	245.177	246.293	241.859	247.073	240.033	247.032	240.075	169.579	175.411	175.559	169.425	212.72	215.956	216.615	212.05	0	6.40312	4	5	322.967	321.104	324.697	319.356	332.47	332.627	334.456	330.63	183.33	181.472	184.166	180.624	346.204	343.634	346.808	343.023	227.405	222.991	229.595	220.735	317.959	319.024	320.539	316.432	234.335	229.34	235.255	228.397	342.498	338.923	344.363	337.028	132.197	138.235	136.015	134.48	264.07	269.904	270.024	263.947	206.519	208.031	207.511	207.041	
404.742	401.528	405.783	400.476	356.776	357.694	358.508	355.958	267.479	271.592	272.855	266.19	326.014	326.314	331.074	321.179	242.621	244.706	245.864	241.448	252.198	245.131	252.127	245.204	166.09	171.843	172.052	165.873	210.06	213.19	213.928	209.308	6.40312	0	5	4	325.83	323.872	327.495	322.188	335.555	335.622	337.464	333.702	182.858	180.834	183.674	180.006	347.83	345.203	348.421	344.607	231.041	226.42	233.077	224.323	317.151	318.134	319.7	315.572	238.768	233.636	239.57	232.813	344.006	340.309	345.828	338.457	126.921	132.816	130.771	129.027	260.783	266.58	266.721	260.64	201.993	203.421	202.988	202.428	
400.476	397.291	401.528	396.227	352.695	353.638	354.447	351.882	264.273	268.472	269.713	263.006	322.552	322.964	327.666	317.775	239.708	241.859	242.99	238.562	247.202	240.133	247.13	240.208	165.593	171.421	171.572	165.436	208.83	212.05	212.72	208.147	4	5	0	6.40312	321.279	319.356	322.967	317.648	330.926	331.024	332.862	329.077	180.006	178.09	180.834	177.248	343.804	341.204	344.401	340.601	226.241	221.678	228.32	219.536	314.531	315.569	317.101	312.987	233.805	228.694	234.625	227.853	340.037	336.4	341.88	334.527	128.39	134.48	132.197	130.74	260.102	265.932	266.055	259.977	202.549	204.071	203.541	203.081	
406.832	403.655	407.887	402.588	359.089	360.035	360.843	358.276	270.542	274.711	275.96	269.268	328.897	329.28	333.997	324.105	245.864	247.986	249.128	244.706	252.071	245.033	252.032	245.073	170.065	175.824	176.028	169.853	213.928	217.076	217.8	213.19	5	4	6.40312	0	327.495	325.596	329.201	323.872	337.077	337.203	339.037	335.233	186.132	184.166	186.955	183.33	350.203	347.605	350.801	347.001	232.181	227.706	234.327	225.497	320.551	321.56	323.11	318.989	239.286	234.269	240.187	233.345	346.439	342.803	348.283	340.93	130.771	136.616	134.629	132.816	264.741	270.542	270.681	264.6	205.973	207.393	206.969	206.4	
90.4268	89.5545	92.1141	87.818	71.1758	74.2428	74.1687	71.2531	142.394	147.665	145.962	144.139	122.066	131.826	127.863	126.21	166.012	169.387	167.547	167.869	150.867	151.222	148.96	153.101	279.723	282.434	280.451	281.711	252.606	256.603	253.728	255.494	322.967	325.83	321.279	327.495	0	5.65685	4	4	16.1245	12.3693	14.3178	14.4222	191.588	196.652	191.669	196.573	72.7805	74.7262	73.7564	73.7631	102.591	103.407	97.949	107.815	186.724	190.966	188.905	188.809	120.934	118.983	115.763	124.02	77.4919	82.6378	80.3617	79.8499	332.217	339.094	332.096	339.212	287.153	290.689	289.795	288.056	324.003	328.123	324.211	327.918	
89.4036	88.2043	91.022	86.5332	67.0075	70.0286	70.0071	67.0298	136.953	142.172	140.46	138.708	116.499	126.246	122.332	120.603	160.823	164.158	162.308	162.69	153.574	153.688	151.648	155.589	275.327	277.966	275.98	277.318	247.681	251.645	248.761	250.577	321.104	323.872	319.356	325.596	5.65685	0	4	4	21.6333	17.4642	19.3132	20	187.323	192.375	187.385	192.315	68.0661	69.857	69.0507	68.884	102.552	102.825	97.6217	107.517	181.069	185.311	183.251	183.153	122.544	120.221	117.239	125.399	72.5328	77.4919	75.4321	74.6726	328.39	335.215	328.219	335.382	281.824	285.328	284.431	282.73	319.277	323.396	319.476	323.2	
87.0919	86.093	88.7525	84.3801	67.1863	70.2567	70.1783	67.2681	140.471	145.619	143.892	142.239	118.811	128.6	124.535	123.065	164.56	167.869	166.012	166.433	154.69	154.984	152.778	156.869	279.308	281.938	279.952	281.299	251.543	255.494	252.606	254.443	324.697	327.495	322.967	329.201	4	4	0	5.65685	18.4391	13.8924	15.6525	16.9706	191.316	196.367	191.377	196.308	68.884	70.8802	69.857	69.9214	105.361	105.891	100.568	110.454	183.853	188.096	186.003	185.97	124.423	122.332	119.202	127.424	73.6817	78.924	76.5376	76.1577	332.385	339.212	332.217	339.377	285.449	288.922	288.023	286.356	323.2	327.318	323.396	327.124	
92.6553	91.586	94.3027	89.8888	71.007	74.027	74.0068	71.0282	138.924	144.267	142.58	140.656	119.817	129.53	125.718	123.81	162.308	165.711	163.878	164.158	149.723	149.893	147.801	151.789	275.748	278.469	276.487	277.735	248.761	252.771	249.9	251.645	319.356	322.188	317.648	323.872	4	4	5.65685	0	19.6977	16.2788	18.2483	17.8885	187.601	192.666	187.683	192.585	72.0069	73.7564	72.9932	72.7805	99.7046	100.265	94.921	104.805	183.984	188.223	186.196	186.035	119	116.812	113.741	121.939	76.4003	81.2712	79.3095	78.4347	328.219	335.096	328.098	335.215	283.551	287.117	286.225	284.45	320.091	324.211	320.301	324.003	
91	91.0824	92.8493	89.1964	81.2527	84.4038	84.1724	81.4923	158.518	163.783	162.077	160.262	136.821	146.649	142.411	141.227	182	185.408	183.576	183.848	148.246	149.372	146.414	151.169	294.593	297.424	295.447	296.575	268.287	272.325	269.462	271.162	332.47	335.555	330.926	337.077	16.1245	21.6333	18.4391	19.6977	0	5.38516	5	2	206.286	211.367	206.4	211.256	84.5044	86.9253	85.44	86.0058	108.467	110.639	104.623	114.28	202.233	206.475	204.365	204.365	122.004	121.165	117.29	125.734	89.9611	95.7131	92.7038	93.0591	346.023	353	346	353.023	303.238	306.79	305.897	304.138	339.391	343.513	339.613	343.293	
87.2353	87.0919	89.0505	85.235	75.9276	79.0759	78.8543	76.1577	154.353	159.512	157.785	156.119	131.655	141.496	137.201	136.125	178.272	181.618	179.769	180.136	152.086	153.026	150.233	154.845	291.986	294.727	292.746	293.973	264.97	268.961	266.085	267.858	332.627	335.622	331.024	337.203	12.3693	17.4642	13.8924	16.2788	5.38516	0	2	5	203.796	208.866	203.887	208.777	79.1202	81.5414	80.0562	80.6226	109.809	111.517	105.683	115.434	197.294	201.537	199.404	199.449	124.852	123.693	120	128.406	84.5813	90.3549	87.3212	87.7097	344.118	351.036	344.036	351.115	299.282	302.775	301.877	300.188	336.364	340.485	336.574	340.278	
86.406	86.3771	88.2383	84.5044	76.4003	79.555	79.3095	76.6551	156.119	161.245	159.512	157.889	132.91	142.762	138.405	137.441	180.136	183.469	181.618	182.003	152.846	153.873	151.003	155.682	293.973	296.709	294.727	295.959	266.895	270.88	268.002	269.785	334.456	337.464	332.862	339.037	14.3178	19.3132	15.6525	18.2483	5	2	0	5.38516	205.789	210.858	205.879	210.77	79.8499	82.3468	80.7775	81.4371	111.4	113.208	107.336	117.068	198.728	202.97	200.823	200.898	126.016	124.964	121.211	129.63	85.4283	91.3017	88.1419	88.6848	346.117	353.035	346.036	353.115	301.095	304.573	303.674	302.002	338.321	342.441	338.529	342.235	
91.7878	91.7606	93.6216	89.8888	80.8084	83.9524	83.7437	81.0247	156.78	162.077	160.378	158.518	135.602	145.417	141.241	139.946	180.155	183.576	181.747	182	147.462	148.499	145.619	150.306	292.611	295.447	293.471	294.593	266.372	270.416	267.556	269.245	330.63	333.702	329.077	335.233	14.4222	20	16.9706	17.8885	2	5	5.38516	0	204.299	209.38	204.414	209.268	83.8153	86.1626	84.7585	85.235	106.832	108.908	102.927	112.606	200.823	205.066	202.97	202.941	120.801	119.854	116.039	124.471	89.1572	94.8103	91.9239	92.1303	344.023	351	344	351.023	301.438	305.005	304.113	302.338	337.44	341.563	337.664	341.341	
247.631	243.298	248.131	242.788	194.247	194.18	195.133	193.29	86.6833	89.8276	91.2853	85.1469	147.872	146.492	152.003	142.201	59.8164	61.8547	63.0079	58.6003	215.863	209.69	214.394	211.192	88.459	91.6788	89.7385	90.4268	74.9667	79.9312	77.8974	77.0779	183.33	182.858	180.006	186.132	191.588	187.323	191.316	187.601	206.286	203.796	205.789	204.299	0	5.09902	1	5	183.742	180.25	184.049	179.936	143.809	134.034	139.786	138.224	135.07	136.418	137.743	133.72	177.654	169.177	173.658	173.277	178.059	172.525	179.075	171.47	143.562	149.777	142.864	150.443	128.472	134.112	133.6	129.004	136.308	140.389	136.693	140.014	
252.24	247.879	252.723	247.386	198.761	198.655	199.612	197.8	90	92.8493	94.3663	88.4081	151.433	149.807	155.425	145.661	62.2896	64.0312	65.2993	60.959	220.002	213.776	218.552	215.258	83.3607	86.5852	84.6463	85.3288	70.8378	75.8222	73.8783	72.8629	181.472	180.834	178.09	184.166	196.652	192.375	196.367	192.666	211.367	208.866	210.858	209.38	5.09902	0	5	1	188.215	184.694	188.51	184.394	148.449	138.698	144.506	142.801	136.565	137.768	139.187	135.118	182.036	173.566	178.104	177.598	182.464	176.853	183.439	175.841	138.852	145	138.101	145.715	125.032	130.736	130.25	125.539	131.309	135.385	131.7	135.004	
247.386	243.041	247.879	242.539	193.961	193.879	194.833	193.003	86.0523	89.1403	90.6091	84.5044	147.299	145.866	151.4	141.605	59.0339	61.0328	62.2013	57.8014	216.601	210.44	215.128	211.946	88.2836	91.444	89.4986	90.2552	74.2496	79.2086	77.1557	76.3806	184.166	183.674	180.834	186.955	191.669	187.385	191.377	187.683	206.4	203.887	205.879	204.414	1	5	0	5.09902	183.439	179.936	183.742	179.627	144.402	134.618	140.346	138.842	134.183	135.518	136.85	132.823	178.331	169.853	174.316	173.971	177.73	172.169	178.732	171.129	143.753	149.933	143.028	150.625	127.624	133.255	132.74	128.16	135.93	140.014	136.308	139.646	
252.48	248.131	252.97	247.631	199.04	198.95	199.905	198.081	90.6035	93.5094	95.0158	89.0225	151.99	150.416	156.013	146.24	63.0317	64.8151	66.0681	61.7171	219.276	213.038	217.83	214.516	83.5464	86.8332	84.8999	85.5102	71.5891	76.5768	74.6525	73.5935	180.624	180.006	177.248	183.33	196.573	192.315	196.308	192.585	211.256	208.777	210.77	209.268	5	1	5.09902	0	188.51	185	188.809	184.694	147.872	138.13	143.962	142.201	137.437	138.654	140.064	136	181.373	172.905	177.46	176.918	182.784	177.2	183.774	176.173	138.654	144.838	137.931	145.527	125.897	131.609	131.126	126.4	131.7	135.772	132.098	135.385	
65.192	60.407	65.3758	60.208	11	10.4403	11.4018	10	108.005	110.164	108.167	110.005	61.2944	70.8308	64.8999	67.5426	138.293	140.089	138.091	140.289	216.947	216.021	214.965	217.993	265.036	266.18	264.197	267.013	227.009	230.009	227.009	230.009	346.204	347.83	343.804	350.203	72.7805	68.0661	68.884	72.0069	84.5044	79.1202	79.8499	83.8153	183.742	188.215	183.439	188.51	0	4.12311	1	4	152.846	149.372	146.414	155.682	129.865	133.959	131.37	132.484	181.417	177.2	175.602	182.964	7.61577	15.2315	9.21954	14.3178	326.719	332.521	325.725	333.494	248.713	251.032	250.06	249.69	301.027	305.015	301.015	305.026	
69.1158	64.2806	69.2604	64.1249	15.0333	14.1421	15.1327	14.0357	104.019	106.118	104.12	106.019	57.3062	66.888	61.0328	63.5059	134.373	136.132	134.134	136.367	217.442	216.379	215.455	218.358	261.237	262.345	260.363	263.213	223.02	226.002	223.002	226.02	343.634	345.203	341.204	347.605	74.7262	69.857	70.8802	73.7564	86.9253	81.5414	82.3468	86.1626	180.25	184.694	179.936	185	4.12311	0	4	1	152.279	148.556	145.774	154.945	125.897	130	127.424	128.503	181.463	177.079	175.616	182.88	3.60555	11.1803	5.83095	10.198	323.11	328.878	322.093	329.874	244.591	246.909	245.937	245.569	297.042	301.027	297.027	301.042	
65.123	60.2993	65.2763	60.1332	11.0454	10.198	11.1803	10.0499	108.019	110.114	108.116	110.018	60.8276	70.3278	64.3506	67.1193	138.362	140.129	138.13	140.357	217.938	217.007	215.956	218.979	265.189	266.31	264.327	267.165	227.02	230.002	227.002	230.02	346.808	348.421	344.401	350.801	73.7564	69.0507	69.857	72.9932	85.44	80.0562	80.7775	84.7585	184.049	188.51	183.742	188.809	1	4	0	4.12311	153.769	150.27	147.33	156.589	129.375	133.462	130.863	132.004	182.387	178.16	176.57	183.927	7.28011	14.8661	8.60233	14.1421	326.974	332.76	325.969	333.744	248.502	250.799	249.826	249.479	301.042	305.026	301.027	305.041	
69.1809	64.3817	69.3542	64.195	15	14.3178	15.2971	14	104.005	106.17	104.173	106.005	57.8014	67.4166	61.6117	63.9531	134.302	136.092	134.093	136.297	216.449	215.39	214.462	217.368	261.082	262.214	260.231	263.059	223.009	226.009	223.009	226.009	343.023	344.607	340.601	347.001	73.7631	68.884	69.9214	72.7805	86.0058	80.6226	81.4371	85.235	179.936	184.394	179.627	184.694	4	1	4.12311	0	151.347	147.648	144.848	154.029	126.4	130.511	127.945	128.996	180.488	176.114	174.642	181.912	4.24264	11.6619	6.7082	10.4403	322.851	328.637	321.846	329.621	244.806	247.146	246.175	245.782	297.027	301.015	297.015	301.027	
191.552	189.908	193.08	188.353	157.42	159.678	160.112	156.978	148.327	155.596	154.952	149	170.074	177.011	177.071	170.012	153.834	158.294	157.28	154.871	79.8499	75.5844	78	77.4919	226.738	231.244	229.473	228.53	218.048	222.913	220.62	220.368	227.405	231.041	226.241	232.181	102.591	102.552	105.361	99.7046	108.467	109.809	111.4	106.832	143.809	148.449	144.402	147.872	152.846	152.279	153.769	151.347	0	9.89949	7	7	211.993	215.669	214.895	212.777	38.0789	30.3645	32.6497	36.1386	153.101	153.734	155.926	150.867	263.463	271.183	264.373	270.296	267.38	272.443	271.765	268.069	278.088	282.064	278.582	281.576	
191.003	189.095	192.463	187.609	154.548	156.668	157.156	154.052	139.474	146.751	146.164	140.089	163.441	170.074	170.423	163.077	144.253	148.718	147.733	145.262	89.0505	84.5044	87.2353	86.3771	217.375	221.82	220.036	219.18	208.195	213.054	210.753	210.523	222.991	226.42	221.678	227.706	103.407	102.825	105.891	100.265	110.639	111.517	113.208	108.908	134.034	138.698	134.618	138.13	149.372	148.556	150.27	147.648	9.89949	0	7	7	203.502	207.126	206.422	204.216	47.4131	39.3954	42.19	44.9444	149.164	149.345	151.924	146.537	255.149	262.819	255.979	262.011	257.484	262.551	261.874	258.172	268.561	272.547	269.046	272.068	
186.271	184.505	187.768	182.981	151.182	153.395	153.847	150.722	141.739	149	148.327	142.443	163.077	170.012	170.074	163.012	147.872	152.322	151.268	148.95	86.3771	82.28	84.5044	84.2021	223.707	228.09	226.294	225.524	213.654	218.488	216.148	216.021	229.595	233.077	228.32	234.327	97.949	97.6217	100.568	94.921	104.623	105.683	107.336	102.927	139.786	144.506	140.346	143.962	146.414	145.774	147.33	144.848	7	7	0	9.89949	205.232	208.926	208.127	206.041	44.5982	37.108	39	42.9535	146.537	147.054	149.345	144.201	262.011	269.668	262.819	268.881	262.345	267.346	266.655	263.048	274.707	278.706	275.182	278.237	
196.156	194.371	197.649	192.852	160.655	162.825	163.294	160.178	146.164	153.444	152.882	146.751	170.423	177.071	177.406	170.074	150.36	154.829	153.883	151.327	82.7345	78	80.9506	79.8499	220.493	225.062	223.305	222.272	212.702	217.589	215.337	214.981	220.735	224.323	219.536	225.497	107.815	107.517	110.454	104.805	114.28	115.434	117.068	112.606	138.224	142.801	138.842	142.201	155.682	154.945	156.589	154.029	7	7	9.89949	0	210.319	213.925	213.244	211.009	41.3401	33.121	36.4005	38.4838	155.618	155.926	158.398	153.101	256.64	264.373	257.573	263.463	262.612	267.739	267.075	263.287	272.018	275.98	272.523	275.481	
187.523	182.148	186.904	182.784	139.542	137.295	138.192	138.654	65.192	58.0775	58.2151	65.0692	68.6003	59.0593	65.307	62.6817	77.1622	74.0945	73.3894	77.8332	291.371	287.503	289.456	289.43	181.706	180.014	178.34	183.349	131.727	132.412	129.769	134.332	317.959	317.151	314.531	320.551	186.724	181.069	183.853	183.984	202.233	197.294	198.728	200.823	135.07	136.565	134.183	137.437	129.865	125.897	129.375	126.4	211.993	203.502	205.232	210.319	0	4.24264	3	3	249.722	242.332	243.961	248.131	122.299	114.739	120.83	116.284	250.635	254.065	248.31	256.338	130.465	131.095	130.096	131.461	199.92	203.354	199.582	203.686	
191.324	185.946	190.686	186.601	143.59	141.322	142.215	142.706	68.469	61.2944	61.5224	68.2642	72.7186	63.1348	69.3181	66.8506	79.1202	75.8947	75.2861	79.6994	295.115	291.204	293.205	293.128	181.011	179.179	177.53	182.628	130.698	131.229	128.631	133.255	319.024	318.134	315.569	321.56	190.966	185.311	188.096	188.223	206.475	201.537	202.97	205.066	136.418	137.768	135.518	138.654	133.959	130	133.462	130.511	215.669	207.126	208.926	213.925	4.24264	0	3	3	253.442	246.018	247.695	251.803	126.4	118.849	124.908	120.416	250	253.308	247.621	255.635	127.769	128.25	127.252	128.763	198.157	201.547	197.8	201.896	
188.489	183.109	187.84	183.774	140.943	138.654	139.542	140.064	68.1836	61.0737	61.2046	68.0661	70.1783	60.5392	66.6483	64.405	80.0062	76.896	76.2168	80.6536	294.245	290.395	292.329	292.323	183.439	181.665	180.006	185.068	133.255	133.843	131.229	135.831	320.539	319.7	317.101	323.11	188.905	183.251	186.003	186.196	204.365	199.404	200.823	202.97	137.743	139.187	136.85	140.064	131.37	127.424	130.863	127.945	214.895	206.422	208.127	213.244	3	3	0	4.24264	252.606	245.231	246.84	251.034	123.822	116.284	122.299	117.886	252.406	255.766	250.05	258.07	130.752	131.244	130.246	131.746	200.96	204.362	200.609	204.707	
190.373	185	189.763	185.626	142.215	139.989	140.89	141.322	65.4905	58.3095	58.5491	65.2763	71.1969	61.7171	68.0294	65.192	76.243	73.0548	72.4224	76.844	292.25	288.321	290.341	290.243	179.254	177.505	175.841	180.887	129.139	129.769	127.142	131.727	316.432	315.572	312.987	318.989	188.809	183.153	185.97	186.035	204.365	199.449	200.898	202.941	133.72	135.118	132.823	136	132.484	128.503	132.004	128.996	212.777	204.216	206.041	211.009	3	3	4.24264	0	250.567	243.13	244.826	248.91	124.908	117.337	123.471	118.849	248.212	251.591	245.864	253.886	127.475	128.098	127.098	128.472	197.101	200.524	196.759	200.861	
211.287	210.488	213.002	208.751	184.394	186.968	187.259	184.098	186.336	193.598	192.925	187.032	205.244	212.681	212.236	205.704	191.638	196.105	195.133	192.627	41.7852	37.855	39.9249	39.8121	256.944	261.847	260.169	258.643	252.517	257.449	255.29	254.7	234.335	238.768	233.805	239.286	120.934	122.544	124.423	119	122.004	124.852	126.016	120.801	177.654	182.036	178.331	181.373	181.417	181.463	182.387	180.488	38.0789	47.4131	44.5982	41.3401	249.722	253.442	252.606	250.567	0	8.48528	6	6	182.784	184.456	185.723	181.497	287.46	295.381	288.778	294.092	303.384	308.585	307.938	304.041	309.246	313.129	309.803	312.578	
209.404	208.396	211.078	206.7	180.613	183.109	183.439	180.278	178.676	185.946	185.311	179.335	199.04	206.293	206.039	199.304	183.48	187.949	187	184.448	49.6588	45.2217	47.8539	47.1275	248.685	253.559	251.873	250.392	244.035	248.966	246.806	246.219	229.34	233.636	228.694	234.269	118.983	120.221	122.332	116.812	121.165	123.693	124.964	119.854	169.177	173.566	169.853	172.905	177.2	177.079	178.16	176.114	30.3645	39.3954	37.108	33.121	242.332	246.018	245.231	243.13	8.48528	0	6	6	178.264	179.644	181.177	176.706	279.866	287.767	281.135	286.527	294.92	300.128	299.483	295.576	300.927	304.818	301.48	304.271	
206.17	205.292	207.87	203.571	178.676	181.232	181.532	178.37	180.712	187.968	187.275	181.43	199.251	206.7	206.243	199.725	186.432	190.895	189.897	187.449	47.4342	43.7379	45.5412	45.7056	253.819	258.643	256.944	255.539	248.421	253.338	251.143	250.639	235.255	239.57	234.625	240.187	115.763	117.239	119.202	113.741	117.29	120	121.211	116.039	173.658	178.104	174.316	177.46	175.602	175.616	176.57	174.642	32.6497	42.19	39	36.4005	243.961	247.695	246.84	244.826	6	6	0	8.48528	176.912	178.539	179.847	175.582	285.575	293.466	286.819	292.25	298.881	304.041	303.384	299.548	305.949	309.855	306.493	309.317	
214.443	213.516	216.134	211.804	186.271	188.788	189.108	185.946	184.361	191.635	191.018	185	205.039	212.285	212.038	205.295	188.767	193.238	192.315	189.708	44.2945	39.5601	42.5441	41.4367	251.873	256.827	255.163	253.559	248.204	253.148	251.024	250.352	228.397	232.813	227.853	233.345	124.02	125.399	127.424	121.939	125.734	128.406	129.63	124.471	173.277	177.598	173.971	176.918	182.964	182.88	183.927	181.912	36.1386	44.9444	42.9535	38.4838	248.131	251.803	251.034	248.91	6	6	8.48528	0	184.092	185.526	187.011	182.584	281.789	289.721	283.134	288.406	299.483	304.731	304.095	300.128	304.278	308.146	304.844	307.586	
72.0278	67.1193	72.111	67.0298	18.2483	17	18	17.2627	101.079	103.044	101.045	103.078	53.7122	63.2851	57.4282	59.9333	131.548	133.24	131.244	133.54	219.107	217.938	217.117	219.92	258.6	259.65	257.67	260.572	220.057	223.002	220.002	223.056	342.498	344.006	340.037	346.439	77.4919	72.5328	73.6817	76.4003	89.9611	84.5813	85.4283	89.1572	178.059	182.464	177.73	182.784	7.61577	3.60555	7.28011	4.24264	153.101	149.164	146.537	155.618	122.299	126.4	123.822	124.908	182.784	178.264	176.912	184.092	0	7.61577	3	7	320.744	326.466	319.695	327.494	241.238	243.526	242.553	242.217	294.083	298.06	294.061	298.082	
