100
0	174	187	597	698	611	925	24	691	619	531	924	144	74	849	527	260	356	645	19	611	455	950	479	862	95	541	198	24	580	26	310	751	846	962	828	943	308	7	605	956	305	537	872	166	896	964	779	202	258	106	67	647	526	754	448	381	392	137	120	677	852	832	762	973	269	941	310	539	801	623	203	628	487	749	345	877	237	150	177	322	243	718	226	701	179	367	165	129	893	598	290	327	278	280	44	497	569	469	435	
174	0	733	74	708	201	53	398	895	656	461	430	56	201	532	910	179	919	158	833	574	470	473	151	623	206	910	474	949	781	643	981	969	732	743	902	358	663	389	678	943	251	605	606	24	388	791	196	568	708	602	390	318	955	900	126	753	427	866	79	876	347	314	447	106	487	519	853	133	173	453	141	246	107	734	682	256	648	485	980	974	680	352	10	239	124	19	953	78	881	603	221	799	495	840	248	158	125	518	985	
187	733	0	754	460	645	478	163	569	776	533	720	646	812	247	332	59	234	182	673	233	558	873	997	96	568	126	845	498	595	607	951	903	468	376	636	2	21	247	598	811	163	893	238	495	397	924	586	133	342	114	349	451	365	837	455	896	410	199	70	842	380	620	85	372	761	666	356	728	453	721	768	843	527	218	636	753	680	812	528	22	973	805	458	232	639	366	706	705	281	715	995	697	810	561	470	987	132	984	184	
597	74	754	0	783	468	507	736	272	771	757	594	502	988	119	959	679	927	48	584	409	701	692	553	548	837	895	67	446	927	572	868	734	215	249	554	757	948	158	574	2	537	246	790	429	771	924	526	422	508	890	8	335	760	918	105	279	934	294	358	456	353	205	46	196	680	638	130	227	659	97	667	840	967	980	530	45	595	252	422	868	988	172	473	40	606	788	788	819	236	182	940	777	65	421	85	557	704	887	662	
698	708	460	783	0	450	721	157	709	124	174	48	581	240	381	998	613	234	910	453	115	542	687	991	337	457	606	623	278	208	463	284	144	832	431	451	440	665	840	577	943	21	541	257	872	653	937	467	149	334	555	622	999	535	37	551	496	775	877	10	763	461	227	337	391	871	508	347	72	559	911	470	686	835	422	208	26	372	655	834	390	50	171	591	884	469	806	667	626	494	457	919	716	1000	997	692	610	353	553	614	
611	201	645	468	450	0	700	806	109	124	804	166	671	60	827	469	350	452	470	628	278	759	458	703	804	716	326	631	418	253	688	201	228	407	826	559	220	317	326	525	803	698	936	214	113	695	523	160	888	81	375	614	596	318	570	349	653	178	580	801	335	941	87	728	729	175	678	831	598	7	645	516	945	297	570	779	612	550	987	717	555	584	97	918	652	486	531	967	865	708	613	219	826	398	17	389	732	567	815	114	
925	53	478	507	721	700	0	583	797	818	331	607	592	971	190	232	323	554	556	224	769	706	518	407	500	813	332	74	834	727	399	937	369	815	208	517	861	196	184	502	55	628	737	212	504	714	445	309	502	25	78	654	318	588	989	93	627	48	903	799	29	773	988	989	318	440	962	556	905	629	650	957	940	323	417	74	520	920	305	378	294	54	129	191	84	902	971	678	153	333	117	375	869	908	930	806	500	317	337	368	
24	398	163	736	157	806	583	0	260	162	486	50	637	847	800	623	73	555	667	16	772	532	542	601	30	889	472	634	622	923	167	795	105	606	537	179	963	492	542	899	358	692	197	854	49	769	535	412	466	597	489	535	191	272	830	702	58	332	332	632	139	539	621	171	362	882	417	638	13	783	930	907	270	890	424	945	945	656	950	809	412	334	565	679	904	484	487	732	176	327	687	386	296	755	335	199	439	65	546	749	
691	895	569	272	709	109	797	260	0	975	862	371	41	477	44	870	867	276	701	357	373	799	364	285	768	983	839	227	515	337	514	809	342	708	149	77	230	9	258	732	281	204	95	651	605	634	147	70	203	323	22	749	250	850	601	107	321	523	937	440	765	365	846	266	149	551	457	832	201	920	181	615	738	73	316	537	718	734	341	930	507	390	973	636	166	270	269	622	828	949	538	272	545	491	586	762	262	491	573	334	
619	656	776	771	124	124	818	162	975	0	937	659	794	668	896	985	748	12	621	480	13	881	297	268	298	676	274	562	366	182	583	404	99	778	806	587	774	762	571	214	859	233	612	586	138	193	498	362	312	278	443	681	392	491	366	309	667	43	310	479	206	42	315	592	4	534	85	167	531	400	234	968	299	159	290	6	332	95	562	652	87	982	662	321	488	391	242	354	450	827	898	341	180	756	24	939	563	260	806	917	
531	461	533	757	174	804	331	486	862	937	0	288	574	148	490	875	194	157	95	272	111	302	97	617	452	414	23	620	815	188	803	943	98	245	411	457	475	445	963	18	964	512	397	21	82	713	539	965	169	979	668	399	807	975	654	607	304	885	52	653	59	974	544	832	378	448	361	515	951	51	136	768	797	869	576	251	254	297	669	105	60	646	950	232	585	36	845	687	530	449	79	530	17	334	23	39	938	492	968	149	
924	430	720	594	48	166	607	50	371	659	288	0	233	819	27	446	898	123	597	41	784	540	453	293	594	468	573	835	443	447	982	420	410	532	417	739	954	45	947	643	730	943	184	460	503	459	388	306	616	947	709	303	434	281	957	459	717	37	808	585	447	438	633	291	136	212	785	312	894	315	274	653	386	489	368	330	242	419	602	71	520	829	568	494	331	170	805	922	820	907	567	401	260	675	620	486	116	458	544	362	
144	56	646	502	581	671	592	637	41	794	574	233	0	997	391	756	4	290	708	753	718	530	885	470	386	858	145	5	77	667	749	644	3	511	909	939	515	146	628	794	116	974	53	461	8	24	491	938	560	42	758	978	896	280	79	887	293	398	391	957	364	233	675	379	876	846	66	116	703	665	737	561	453	319	671	945	986	29	565	852	113	922	224	860	145	2	891	238	63	53	414	71	212	119	731	938	184	865	451	233	
74	201	812	988	240	60	971	847	477	668	148	819	997	0	822	745	644	586	466	669	870	812	273	437	838	553	152	194	506	551	360	42	15	466	360	253	951	564	555	548	511	272	260	289	328	299	503	914	795	20	50	298	563	517	460	969	734	658	324	338	124	914	445	806	883	4	313	344	858	132	572	808	341	125	66	588	9	729	691	996	608	343	261	692	246	157	915	248	717	39	974	282	486	686	385	304	361	307	673	652	
849	532	247	119	381	827	190	800	44	896	490	27	391	822	0	575	806	52	20	286	499	561	147	461	580	641	415	697	757	620	253	839	3	783	657	450	55	604	635	119	10	707	910	888	624	192	955	198	794	333	902	146	415	97	103	5	316	921	427	255	556	38	131	845	432	823	718	639	162	184	291	905	903	483	530	567	459	15	780	406	713	526	239	689	692	955	38	82	808	643	424	137	220	891	696	658	532	803	14	650	
527	910	332	959	998	469	232	623	870	985	875	446	756	745	575	0	1	306	524	842	788	634	435	311	875	445	798	1	51	823	183	490	863	574	986	786	32	464	791	473	326	484	763	252	957	804	729	196	308	560	124	283	34	319	497	1000	657	250	971	205	703	961	183	327	331	394	193	493	909	351	582	661	706	512	828	260	614	984	111	884	74	396	333	235	344	314	884	714	380	358	634	523	974	987	53	942	910	944	893	541	
260	179	59	679	613	350	323	73	867	748	194	898	4	644	806	1	0	999	352	151	534	911	135	139	130	437	514	776	132	548	262	838	292	831	171	364	108	949	162	411	882	808	261	443	120	48	519	996	312	501	292	680	964	357	441	160	501	379	175	404	322	769	228	542	932	319	219	841	504	452	677	606	564	788	152	63	613	610	271	400	848	256	538	955	791	414	679	35	295	191	761	739	344	266	64	567	988	431	401	979	
356	919	234	927	234	452	554	555	276	12	157	123	290	586	52	306	999	0	492	304	384	203	967	442	411	995	676	92	585	448	539	280	538	590	127	239	792	124	390	338	143	429	284	894	1	480	412	272	438	810	937	177	690	706	612	635	262	382	303	173	3	700	665	692	53	803	283	787	653	771	947	155	201	882	270	998	896	833	276	49	592	966	902	536	699	531	371	639	546	431	452	94	232	164	92	324	618	105	844	32	
645	158	182	48	910	470	556	667	701	621	95	597	708	466	20	524	352	492	0	293	1000	550	387	432	642	168	946	836	858	771	147	673	144	957	101	139	311	4	437	878	256	892	118	437	832	571	345	849	376	362	438	976	587	134	650	875	318	577	897	533	539	211	821	337	406	172	615	971	196	623	582	954	728	287	534	180	144	205	99	138	95	661	262	590	989	989	503	579	116	296	268	163	772	490	504	783	345	589	847	82	
19	833	673	584	453	628	224	16	357	480	272	41	753	669	286	842	151	304	293	0	715	459	337	478	623	645	422	20	988	987	105	726	40	301	552	952	108	521	378	438	310	702	498	367	205	697	731	451	458	518	357	752	685	865	303	235	245	637	581	837	236	29	220	92	586	41	379	877	834	563	348	894	538	603	52	872	934	200	751	701	767	8	192	726	296	313	791	88	498	208	371	48	977	27	475	101	710	218	536	269	
611	574	233	409	115	278	769	772	373	13	111	784	718	870	499	788	534	384	1000	715	0	37	459	661	699	738	311	185	943	272	790	148	829	434	306	960	907	30	627	218	678	422	806	177	692	977	332	847	856	986	64	142	33	503	513	668	379	980	873	178	930	441	613	449	516	914	470	526	895	45	519	408	188	817	615	407	738	221	881	648	309	519	619	574	464	998	613	666	312	98	842	30	651	722	931	823	218	262	754	778	
455	470	558	701	542	759	706	532	799	881	302	540	530	812	561	634	911	203	550	459	37	0	219	719	820	592	650	388	555	492	616	446	499	597	420	781	891	999	554	740	230	591	881	363	275	70	154	4	593	541	469	368	919	859	566	875	715	643	336	365	514	353	152	298	360	358	998	612	391	74	455	696	29	250	319	39	962	650	805	229	871	588	47	719	461	474	320	553	972	608	903	349	419	6	866	411	528	932	394	149	
950	473	873	692	687	458	518	542	364	297	97	453	885	273	147	435	135	967	387	337	459	219	0	369	247	16	514	722	627	865	758	895	377	510	719	621	820	111	635	612	582	794	776	319	640	246	773	167	650	972	631	421	263	504	126	39	989	781	522	909	347	375	520	876	348	797	545	818	732	830	268	643	168	226	250	996	298	341	899	390	581	80	488	573	166	537	345	658	796	452	568	78	906	713	621	135	754	888	530	792	
479	151	997	553	991	703	407	601	285	268	617	293	470	437	461	311	139	442	432	478	661	719	369	0	460	451	834	492	471	787	894	435	87	709	593	224	584	493	261	642	634	244	740	450	422	895	180	300	511	288	957	946	276	169	108	293	85	230	917	901	524	338	612	651	847	949	13	773	235	980	678	402	531	689	777	606	944	437	102	72	939	123	24	315	850	719	534	354	23	271	933	815	151	137	989	549	593	205	225	948	
862	623	96	548	337	804	500	30	768	298	452	594	386	838	580	875	130	411	642	623	699	820	247	460	0	133	932	147	981	128	17	287	360	629	334	526	170	445	483	846	450	971	547	672	966	401	991	131	218	895	671	591	617	750	398	52	558	599	205	595	397	105	379	934	142	603	235	396	562	622	710	119	833	855	356	442	403	684	581	821	525	629	52	435	231	149	526	222	987	816	584	97	249	15	775	981	657	714	251	800	
95	206	568	837	457	716	813	889	983	676	414	468	858	553	641	445	437	995	168	645	738	592	16	451	133	0	32	470	463	68	446	815	10	908	895	47	545	684	426	480	857	521	886	727	672	223	51	153	779	474	560	586	213	990	345	603	423	115	787	932	707	515	11	115	533	118	187	3	932	465	879	65	589	530	200	595	153	214	606	842	664	767	171	185	550	888	613	166	717	859	853	288	420	118	982	346	414	568	983	776	
541	910	126	895	606	326	332	472	839	274	23	573	145	152	415	798	514	676	946	422	311	650	514	834	932	32	0	637	506	277	95	680	588	139	506	139	885	475	298	807	464	42	589	185	435	143	322	263	306	908	764	961	131	784	357	836	739	803	157	564	985	52	235	723	113	560	387	877	524	988	265	703	501	789	677	295	991	581	320	653	174	449	221	394	876	880	251	839	325	287	187	698	908	603	709	773	895	903	39	856	
198	474	845	67	623	631	74	634	227	562	620	835	5	194	697	1	776	92	836	20	185	388	722	492	147	470	637	0	249	671	744	776	30	611	42	903	444	848	591	869	633	627	398	935	271	704	157	464	935	962	705	566	117	836	996	278	480	263	670	410	781	861	527	146	956	829	380	41	587	600	664	593	601	716	437	809	838	654	763	678	930	478	263	240	51	621	368	151	858	322	127	653	672	326	893	94	325	884	794	357	
24	949	498	446	278	418	834	622	515	366	815	443	77	506	757	51	132	585	858	988	943	555	627	471	981	463	506	249	0	274	693	322	201	912	106	426	16	160	171	12	306	884	65	55	873	213	871	123	463	239	646	899	313	538	873	683	827	939	102	564	508	426	254	838	227	613	6	790	170	653	895	336	938	55	844	911	392	477	698	578	214	46	924	649	589	364	279	993	249	812	395	75	693	564	452	44	137	272	48	896	
580	781	595	927	208	253	727	923	337	182	188	447	667	551	620	823	548	448	771	987	272	492	865	787	128	68	277	671	274	0	665	333	506	729	560	449	54	535	341	546	718	776	333	919	196	914	529	196	825	941	425	642	565	119	960	38	352	795	90	833	984	218	436	816	884	204	315	988	57	344	968	652	50	618	211	946	390	405	261	684	757	674	114	876	530	431	134	570	824	203	407	527	382	401	732	246	644	804	812	575	
26	643	607	572	463	688	399	167	514	583	803	982	749	360	253	183	262	539	147	105	790	616	758	894	17	446	95	744	693	665	0	795	322	674	931	784	963	632	663	249	939	154	538	595	590	4	641	796	84	350	174	476	406	871	733	465	504	112	439	443	54	818	97	405	164	98	583	278	457	308	358	711	812	191	840	829	418	943	515	289	94	56	468	654	330	890	344	810	220	448	971	369	813	29	124	535	206	961	641	93	
310	981	951	868	284	201	937	795	809	404	943	420	644	42	839	490	838	280	673	726	148	446	895	435	287	815	680	776	322	333	795	0	308	648	231	758	351	132	733	449	837	244	593	753	116	477	899	668	159	336	169	113	888	388	786	318	423	606	439	561	658	294	735	597	678	755	466	799	900	281	960	953	856	378	347	822	910	684	514	103	102	546	768	958	250	661	428	386	484	332	42	138	134	673	26	821	820	126	231	825	
751	969	903	734	144	228	369	105	342	99	98	410	3	15	3	863	292	538	144	40	829	499	377	87	360	10	588	30	201	506	322	308	0	372	255	563	803	970	978	305	247	949	293	427	279	158	711	613	281	922	538	506	404	926	223	149	580	890	218	114	607	481	951	375	950	87	749	717	968	236	139	371	131	577	929	581	20	816	487	697	601	465	603	458	710	162	687	192	549	127	898	592	993	426	352	960	172	77	4	430	
846	732	468	215	832	407	815	606	708	778	245	532	511	466	783	574	831	590	957	301	434	597	510	709	629	908	139	611	912	729	674	648	372	0	151	197	117	969	467	9	62	56	350	124	995	922	864	311	985	326	910	634	829	515	366	148	152	418	292	450	913	267	309	940	267	6	562	190	864	204	367	174	247	228	564	385	978	945	596	531	123	980	45	574	912	751	399	666	572	922	784	367	72	25	367	455	170	117	911	807	
962	743	376	249	431	826	208	537	149	806	411	417	909	360	657	986	171	127	101	552	306	420	719	593	334	895	506	42	106	560	931	231	255	151	0	261	162	527	335	505	537	232	928	644	335	446	606	769	126	962	934	432	442	207	265	991	959	253	17	271	713	402	572	585	267	111	199	579	844	530	165	14	559	584	872	594	179	182	423	220	66	943	529	510	581	936	8	320	520	218	33	342	722	896	116	233	792	578	7	323	
828	902	636	554	451	559	517	179	77	587	457	739	939	253	450	786	364	239	139	952	960	781	621	224	526	47	139	903	426	449	784	758	563	197	261	0	771	849	279	421	934	429	58	427	708	691	511	315	170	538	127	961	681	312	760	15	895	936	535	811	662	144	550	841	861	768	662	387	909	773	399	222	367	6	421	599	676	750	37	206	173	804	521	298	396	720	96	844	739	703	434	136	892	97	282	986	240	336	621	365	
943	358	2	757	440	220	861	963	230	774	475	954	515	951	55	32	108	792	311	108	907	891	820	584	170	545	885	444	16	54	963	351	803	117	162	771	0	907	12	650	226	696	829	386	799	514	184	346	894	339	533	831	191	904	432	233	120	772	479	435	164	451	292	290	18	762	676	827	776	398	94	570	248	290	144	865	338	870	775	886	849	836	717	896	10	291	536	259	466	82	32	729	512	829	921	795	139	860	682	553	
308	663	21	948	665	317	196	492	9	762	445	45	146	564	604	464	949	124	4	521	30	999	111	493	445	684	475	848	160	535	632	132	970	969	527	849	907	0	837	461	973	335	720	654	704	97	528	607	355	48	930	128	156	117	50	631	7	669	819	285	98	301	115	265	528	592	789	564	755	559	155	159	647	528	83	354	461	347	305	39	646	864	998	279	849	381	1000	979	943	135	658	901	380	927	677	679	240	647	254	204	
7	389	247	158	840	326	184	542	258	571	963	947	628	555	635	791	162	390	437	378	627	554	635	261	483	426	298	591	171	341	663	733	978	467	335	279	12	837	0	263	628	802	6	310	374	856	792	407	598	70	461	254	704	463	417	533	369	779	535	326	202	7	978	623	102	526	439	610	336	368	242	77	337	11	729	432	969	103	199	501	163	614	850	605	182	348	38	984	784	467	18	957	54	738	932	771	650	455	665	6	
605	678	598	574	577	525	502	899	732	214	18	643	794	548	119	473	411	338	878	438	218	740	612	642	846	480	807	869	12	546	249	449	305	9	505	421	650	461	263	0	908	43	672	343	285	941	736	213	119	201	406	209	609	194	932	313	250	917	702	410	355	73	366	59	818	500	11	40	884	183	158	684	323	429	621	403	329	216	955	599	739	301	79	729	761	225	116	43	269	283	569	59	602	531	426	674	959	716	295	613	
956	943	811	2	943	803	55	358	281	859	964	730	116	511	10	326	882	143	256	310	678	230	582	634	450	857	464	633	306	718	939	837	247	62	537	934	226	973	628	908	0	676	591	700	788	108	64	49	338	348	84	458	261	147	635	713	230	234	587	26	346	6	333	632	146	764	708	30	496	116	659	697	180	385	485	756	814	968	723	212	268	247	26	69	150	304	516	404	688	669	784	734	664	870	268	945	625	410	393	994	
305	251	163	537	21	698	628	692	204	233	512	943	974	272	707	484	808	429	892	702	422	591	794	244	971	521	42	627	884	776	154	244	949	56	232	429	696	335	802	43	676	0	574	874	375	727	699	164	371	774	841	550	31	734	745	489	913	828	411	577	262	312	743	962	785	65	787	677	366	934	486	595	308	815	76	617	762	963	563	652	681	419	374	71	619	839	896	491	314	223	236	975	276	429	842	800	253	521	628	114	
537	605	893	246	541	936	737	197	95	612	397	184	53	260	910	763	261	284	118	498	806	881	776	740	547	886	589	398	65	333	538	593	293	350	928	58	829	720	6	672	591	574	0	917	853	386	936	404	203	522	976	724	347	436	586	6	801	733	227	735	279	747	765	724	190	473	681	499	883	866	896	244	56	219	814	56	256	20	536	953	855	320	687	475	353	486	422	170	250	894	281	403	710	360	542	335	650	857	984	189	
872	606	238	790	257	214	212	854	651	586	21	460	461	289	888	252	443	894	437	367	177	363	319	450	672	727	185	935	55	919	595	753	427	124	644	427	386	654	310	343	700	874	917	0	330	503	217	511	604	176	512	696	597	590	524	532	916	997	360	313	124	616	871	853	541	185	977	656	84	72	383	731	201	173	347	913	26	105	524	733	319	538	353	828	94	30	587	36	208	667	776	77	795	699	974	967	665	285	396	677	
166	24	495	429	872	113	504	49	605	138	82	503	8	328	624	957	120	1	832	205	692	275	640	422	966	672	435	271	873	196	590	116	279	995	335	708	799	704	374	285	788	375	853	330	0	953	650	799	961	197	398	412	247	596	600	832	518	568	931	424	220	634	709	902	361	308	96	666	384	176	648	26	585	600	532	794	355	701	136	631	232	436	322	384	152	190	347	950	171	631	329	150	953	97	339	669	332	241	637	556	
896	388	397	771	653	695	714	769	634	193	713	459	24	299	192	804	48	480	571	697	977	70	246	895	401	223	143	704	213	914	4	477	158	922	446	691	514	97	856	941	108	727	386	503	953	0	697	602	804	811	707	1	76	834	960	777	72	974	448	400	393	953	827	865	980	942	154	539	365	131	954	499	296	647	396	246	297	454	256	9	554	675	795	508	494	285	774	763	971	717	442	319	877	911	552	974	97	663	630	310	
964	791	924	924	937	523	445	535	147	498	539	388	491	503	955	729	519	412	345	731	332	154	773	180	991	51	322	157	871	529	641	899	711	864	606	511	184	528	792	736	64	699	936	217	650	697	0	23	374	623	224	460	317	233	10	670	473	614	165	17	984	939	209	177	859	157	773	849	468	436	107	460	225	152	931	803	458	148	103	638	528	744	184	750	486	452	439	234	669	633	206	280	594	690	408	175	907	243	821	458	
779	196	586	526	467	160	309	412	70	362	965	306	938	914	198	196	996	272	849	451	847	4	167	300	131	153	263	464	123	196	796	668	613	311	769	315	346	607	407	213	49	164	404	511	799	602	23	0	930	889	659	648	968	530	58	474	766	262	598	436	112	878	891	751	683	52	652	54	433	491	332	936	690	761	857	118	421	250	685	286	295	646	551	367	155	366	433	917	212	379	387	223	591	592	457	623	996	265	217	618	
202	568	133	422	149	888	502	466	203	312	169	616	560	795	794	308	312	438	376	458	856	593	650	511	218	779	306	935	463	825	84	159	281	985	126	170	894	355	598	119	338	371	203	604	961	804	374	930	0	101	372	39	81	176	94	292	527	266	937	276	860	245	21	879	361	443	653	274	981	747	372	583	232	532	607	594	958	536	948	686	462	883	843	727	547	515	724	897	274	18	377	569	141	785	485	882	264	360	694	628	
258	708	342	508	334	81	25	597	323	278	979	947	42	20	333	560	501	810	362	518	986	541	972	288	895	474	908	962	239	941	350	336	922	326	962	538	339	48	70	201	348	774	522	176	197	811	623	889	101	0	251	580	807	976	511	448	345	542	620	671	419	58	313	928	944	93	134	196	448	72	887	356	953	910	594	182	671	554	59	841	337	607	509	710	646	39	996	723	616	446	208	794	929	784	181	727	563	199	681	426	
106	602	114	890	555	375	78	489	22	443	668	709	758	50	902	124	292	937	438	357	64	469	631	957	671	560	764	705	646	425	174	169	538	910	934	127	533	930	461	406	84	841	976	512	398	707	224	659	372	251	0	460	665	710	601	825	938	952	722	674	335	385	767	511	923	116	394	545	996	742	148	468	744	523	89	883	525	32	710	901	638	229	510	879	741	974	248	466	893	922	949	518	111	467	353	919	120	327	912	854	
67	390	349	8	622	614	654	535	749	681	399	303	978	298	146	283	680	177	976	752	142	368	421	946	591	586	961	566	899	642	476	113	506	634	432	961	831	128	254	209	458	550	724	696	412	1	460	648	39	580	460	0	520	390	387	564	710	709	995	155	698	883	949	701	139	322	239	985	578	800	434	194	615	943	968	619	523	417	992	809	574	208	567	855	265	772	281	576	982	270	977	8	631	406	389	483	493	8	662	291	
647	318	451	335	999	596	318	191	250	392	807	434	896	563	415	34	964	690	587	685	33	919	263	276	617	213	131	117	313	565	406	888	404	829	442	681	191	156	704	609	261	31	347	597	247	76	317	968	81	807	665	520	0	442	660	934	572	776	726	371	858	355	163	715	277	261	789	688	452	801	1000	78	256	266	590	522	170	100	624	150	384	91	71	386	932	739	610	933	773	344	952	773	810	679	824	731	964	989	839	626	
526	955	365	760	535	318	588	272	850	491	975	281	280	517	97	319	357	706	134	865	503	859	504	169	750	990	784	836	538	119	871	388	926	515	207	312	904	117	463	194	147	734	436	590	596	834	233	530	176	976	710	390	442	0	315	678	610	897	900	864	413	911	530	402	915	759	779	927	30	44	276	167	362	23	215	423	805	351	907	480	338	351	517	630	166	526	974	202	490	499	349	378	594	680	135	511	309	849	892	520	
754	900	837	918	37	570	989	830	601	366	654	957	79	460	103	497	441	612	650	303	513	566	126	108	398	345	357	996	873	960	733	786	223	366	265	760	432	50	417	932	635	745	586	524	600	960	10	58	94	511	601	387	660	315	0	911	988	84	101	747	899	161	950	437	768	350	956	759	64	200	424	474	20	421	52	647	588	523	543	118	620	265	853	655	227	492	293	704	897	811	596	950	970	187	155	39	481	730	293	800	
448	126	455	105	551	349	93	702	107	309	607	459	887	969	5	1000	160	635	875	235	668	875	39	293	52	603	836	278	683	38	465	318	149	148	991	15	233	631	533	313	713	489	6	532	832	777	670	474	292	448	825	564	934	678	911	0	998	54	676	578	530	342	964	674	971	884	159	81	851	825	834	225	878	121	200	906	708	73	462	275	979	646	407	237	201	31	585	756	456	662	520	423	275	51	49	355	632	442	858	707	
381	753	896	279	496	653	627	58	321	667	304	717	293	734	316	657	501	262	318	245	379	715	989	85	558	423	739	480	827	352	504	423	580	152	959	895	120	7	369	250	230	913	801	916	518	72	473	766	527	345	938	710	572	610	988	998	0	215	950	312	875	890	942	328	284	380	950	186	146	383	969	139	693	433	238	450	45	847	689	229	529	957	859	941	754	428	516	104	795	341	400	357	812	758	120	61	576	898	915	776	
392	427	410	934	775	178	48	332	523	43	885	37	398	658	921	250	379	382	577	637	980	643	781	230	599	115	803	263	939	795	112	606	890	418	253	936	772	669	779	917	234	828	733	997	568	974	614	262	266	542	952	709	776	897	84	54	215	0	339	741	364	77	40	937	958	183	433	754	341	68	616	305	935	719	359	391	507	729	579	120	168	491	902	386	369	383	484	502	903	616	286	254	120	623	182	32	263	295	346	634	
137	866	199	294	877	580	903	332	937	310	52	808	391	324	427	971	175	303	897	581	873	336	522	917	205	787	157	670	102	90	439	439	218	292	17	535	479	819	535	702	587	411	227	360	931	448	165	598	937	620	722	995	726	900	101	676	950	339	0	604	740	908	374	678	375	9	192	53	629	97	534	405	449	359	87	16	646	985	991	11	378	466	66	300	936	454	990	386	748	558	654	77	708	133	941	416	189	665	144	181	
120	79	70	358	10	801	799	632	440	479	653	585	957	338	255	205	404	173	533	837	178	365	909	901	595	932	564	410	564	833	443	561	114	450	271	811	435	285	326	410	26	577	735	313	424	400	17	436	276	671	674	155	371	864	747	578	312	741	604	0	996	822	983	655	951	752	45	861	730	791	653	262	878	320	424	816	543	2	948	486	485	198	783	369	38	986	805	637	121	407	734	920	694	730	964	463	165	536	619	321	
677	876	842	456	763	335	29	139	765	206	59	447	364	124	556	703	322	3	539	236	930	514	347	524	397	707	985	781	508	984	54	658	607	913	713	662	164	98	202	355	346	262	279	124	220	393	984	112	860	419	335	698	858	413	899	530	875	364	740	996	0	884	118	337	376	452	568	752	357	806	168	226	187	898	281	237	631	929	668	327	990	812	899	787	848	347	69	228	763	707	753	42	355	954	150	611	233	117	586	116	
852	347	380	353	461	941	773	539	365	42	974	438	233	914	38	961	769	700	211	29	441	353	375	338	105	515	52	861	426	218	818	294	481	267	402	144	451	301	7	73	6	312	747	616	634	953	939	878	245	58	385	883	355	911	161	342	890	77	908	822	884	0	922	916	569	240	737	595	409	567	631	109	115	355	122	884	229	839	620	948	54	553	654	409	865	721	468	85	342	370	642	103	405	217	287	665	789	892	617	400	
832	314	620	205	227	87	988	621	846	315	544	633	675	445	131	183	228	665	821	220	613	152	520	612	379	11	235	527	254	436	97	735	951	309	572	550	292	115	978	366	333	743	765	871	709	827	209	891	21	313	767	949	163	530	950	964	942	40	374	983	118	922	0	836	734	146	905	767	760	537	946	300	529	204	319	406	968	925	551	153	169	474	790	351	999	874	91	339	938	844	677	147	113	698	49	171	105	727	247	568	
762	447	85	46	337	728	989	171	266	592	832	291	379	806	845	327	542	692	337	92	449	298	876	651	934	115	723	146	838	816	405	597	375	940	585	841	290	265	623	59	632	962	724	853	902	865	177	751	879	928	511	701	715	402	437	674	328	937	678	655	337	916	836	0	742	204	287	674	209	345	886	581	68	834	933	553	610	967	411	105	674	593	746	890	261	994	872	237	621	549	335	142	225	78	894	661	686	250	177	493	
973	106	372	196	391	729	318	362	149	4	378	136	876	883	432	331	932	53	406	586	516	360	348	847	142	533	113	956	227	884	164	678	950	267	267	861	18	528	102	818	146	785	190	541	361	980	859	683	361	944	923	139	277	915	768	971	284	958	375	951	376	569	734	742	0	801	866	135	3	162	28	731	817	371	387	126	268	826	392	178	379	346	680	74	385	625	664	424	829	205	839	438	463	72	35	570	558	166	135	156	
269	487	761	680	871	175	440	882	551	534	448	212	846	4	823	394	319	803	172	41	914	358	797	949	603	118	560	829	613	204	98	755	87	6	111	768	762	592	526	500	764	65	473	185	308	942	157	52	443	93	116	322	261	759	350	884	380	183	9	752	452	240	146	204	801	0	136	661	83	409	353	188	716	941	8	447	94	717	550	762	695	403	120	892	237	469	431	406	803	536	127	867	776	400	484	579	65	100	412	923	
941	519	666	638	508	678	962	417	457	85	361	785	66	313	718	193	219	283	615	379	470	998	545	13	235	187	387	380	6	315	583	466	749	562	199	662	676	789	439	11	708	787	681	977	96	154	773	652	653	134	394	239	789	779	956	159	950	433	192	45	568	737	905	287	866	136	0	272	576	456	207	716	930	228	18	147	137	194	717	374	811	546	214	852	375	806	755	1	746	306	832	688	821	313	181	879	254	230	868	26	
310	853	356	130	347	831	556	638	832	167	515	312	116	344	639	493	841	787	971	877	526	612	818	773	396	3	877	41	790	988	278	799	717	190	579	387	827	564	610	40	30	677	499	656	666	539	849	54	274	196	545	985	688	927	759	81	186	754	53	861	752	595	767	674	135	661	272	0	358	472	441	995	300	802	275	696	968	297	58	61	850	663	105	556	188	624	357	82	621	627	751	843	432	131	759	649	668	799	441	241	
539	133	728	227	72	598	905	13	201	531	951	894	703	858	162	909	504	653	196	834	895	391	732	235	562	932	524	587	170	57	457	900	968	864	844	909	776	755	336	884	496	366	883	84	384	365	468	433	981	448	996	578	452	30	64	851	146	341	629	730	357	409	760	209	3	83	576	358	0	797	935	85	167	323	872	49	812	881	889	274	484	137	279	171	557	709	446	260	932	617	985	895	314	280	987	39	151	293	991	610	
801	173	453	659	559	7	629	783	920	400	51	315	665	132	184	351	452	771	623	563	45	74	830	980	622	465	988	600	653	344	308	281	236	204	530	773	398	559	368	183	116	934	866	72	176	131	436	491	747	72	742	800	801	44	200	825	383	68	97	791	806	567	537	345	162	409	456	472	797	0	206	683	198	201	930	334	551	125	263	68	659	260	844	422	169	508	759	955	719	79	521	23	243	864	564	399	441	853	82	377	
623	453	721	97	911	645	650	930	181	234	136	274	737	572	291	582	677	947	582	348	519	455	268	678	710	879	265	664	895	968	358	960	139	367	165	399	94	155	242	158	659	486	896	383	648	954	107	332	372	887	148	434	1000	276	424	834	969	616	534	653	168	631	946	886	28	353	207	441	935	206	0	486	830	672	490	732	565	59	271	222	78	977	632	647	857	956	986	614	469	226	389	709	375	129	421	770	979	985	36	13	
203	141	768	667	470	516	957	907	615	968	768	653	561	808	905	661	606	155	954	894	408	696	643	402	119	65	703	593	336	652	711	953	371	174	14	222	570	159	77	684	697	595	244	731	26	499	460	936	583	356	468	194	78	167	474	225	139	305	405	262	226	109	300	581	731	188	716	995	85	683	486	0	443	610	536	395	654	551	905	667	754	339	437	7	45	579	199	13	704	412	478	862	965	719	922	102	115	114	765	902	
628	246	843	840	686	945	940	270	738	299	797	386	453	341	903	706	564	201	728	538	188	29	168	531	833	589	501	601	938	50	812	856	131	247	559	367	248	647	337	323	180	308	56	201	585	296	225	690	232	953	744	615	256	362	20	878	693	935	449	878	187	115	529	68	817	716	930	300	167	198	830	443	0	888	666	119	39	222	749	682	872	817	916	599	481	824	632	432	224	881	853	72	572	690	885	376	433	397	926	452	
487	107	527	967	835	297	323	890	73	159	869	489	319	125	483	512	788	882	287	603	817	250	226	689	855	530	789	716	55	618	191	378	577	228	584	6	290	528	11	429	385	815	219	173	600	647	152	761	532	910	523	943	266	23	421	121	433	719	359	320	898	355	204	834	371	941	228	802	323	201	672	610	888	0	404	140	78	69	247	958	853	328	742	480	293	95	803	384	302	694	471	934	581	689	2	235	277	235	190	270	
749	734	218	980	422	570	417	424	316	290	576	368	671	66	530	828	152	270	534	52	615	319	250	777	356	200	677	437	844	211	840	347	929	564	872	421	144	83	729	621	485	76	814	347	532	396	931	857	607	594	89	968	590	215	52	200	238	359	87	424	281	122	319	933	387	8	18	275	872	930	490	536	666	404	0	54	994	815	957	693	322	541	697	237	487	916	118	492	23	163	145	113	655	45	210	173	989	125	420	439	
345	682	636	530	208	779	74	945	537	6	251	330	945	588	567	260	63	998	180	872	407	39	996	606	442	595	295	809	911	946	829	822	581	385	594	599	865	354	432	403	756	617	56	913	794	246	803	118	594	182	883	619	522	423	647	906	450	391	16	816	237	884	406	553	126	447	147	696	49	334	732	395	119	140	54	0	238	901	315	261	425	385	382	447	475	767	628	334	324	490	443	813	930	223	551	223	780	303	321	857	
877	256	753	45	26	612	520	945	718	332	254	242	986	9	459	614	613	896	144	934	738	962	298	944	403	153	991	838	392	390	418	910	20	978	179	676	338	461	969	329	814	762	256	26	355	297	458	421	958	671	525	523	170	805	588	708	45	507	646	543	631	229	968	610	268	94	137	968	812	551	565	654	39	78	994	238	0	770	958	872	153	804	747	260	472	480	521	816	372	824	798	759	369	795	250	651	552	770	418	906	
237	648	680	595	372	550	920	656	734	95	297	419	29	729	15	984	610	833	205	200	221	650	341	437	684	214	581	654	477	405	943	684	816	945	182	750	870	347	103	216	968	963	20	105	701	454	148	250	536	554	32	417	100	351	523	73	847	729	985	2	929	839	925	967	826	717	194	297	881	125	59	551	222	69	815	901	770	0	880	213	982	234	77	624	439	750	22	217	405	506	795	371	528	299	487	343	662	691	410	833	
150	485	812	252	655	987	305	950	341	562	669	602	565	691	780	111	271	276	99	751	881	805	899	102	581	606	320	763	698	261	515	514	487	596	423	37	775	305	199	955	723	563	536	524	136	256	103	685	948	59	710	992	624	907	543	462	689	579	991	948	668	620	551	411	392	550	717	58	889	263	271	905	749	247	957	315	958	880	0	420	387	971	297	264	521	284	348	543	789	517	450	282	631	782	97	46	819	111	138	220	
177	980	528	422	834	717	378	809	930	652	105	71	852	996	406	884	400	49	138	701	648	229	390	72	821	842	653	678	578	684	289	103	697	531	220	206	886	39	501	599	212	652	953	733	631	9	638	286	686	841	901	809	150	480	118	275	229	120	11	486	327	948	153	105	178	762	374	61	274	68	222	667	682	958	693	261	872	213	420	0	503	114	906	550	332	372	892	163	683	32	68	133	354	645	391	9	759	321	266	735	
322	974	22	868	390	555	294	412	507	87	60	520	113	608	713	74	848	592	95	767	309	871	581	939	525	664	174	930	214	757	94	102	601	123	66	173	849	646	163	739	268	681	855	319	232	554	528	295	462	337	638	574	384	338	620	979	529	168	378	485	990	54	169	674	379	695	811	850	484	659	78	754	872	853	322	425	153	982	387	503	0	205	653	352	179	765	994	120	875	550	708	206	505	280	519	73	707	253	560	485	
243	680	973	988	50	584	54	334	390	982	646	829	922	343	526	396	256	966	661	8	519	588	80	123	629	767	449	478	46	674	56	546	465	980	943	804	836	864	614	301	247	419	320	538	436	675	744	646	883	607	229	208	91	351	265	646	957	491	466	198	812	553	474	593	346	403	546	663	137	260	977	339	817	328	541	385	804	234	971	114	205	0	297	97	125	826	399	851	399	548	189	213	687	412	755	601	991	695	464	916	
718	352	805	172	171	97	129	565	973	662	950	568	224	261	239	333	538	902	262	192	619	47	488	24	52	171	221	263	924	114	468	768	603	45	529	521	717	998	850	79	26	374	687	353	322	795	184	551	843	509	510	567	71	517	853	407	859	902	66	783	899	654	790	746	680	120	214	105	279	844	632	437	916	742	697	382	747	77	297	906	653	297	0	298	134	637	376	942	230	101	812	113	752	552	134	330	84	377	956	737	
226	10	458	473	591	918	191	679	636	321	232	494	860	692	689	235	955	536	590	726	574	719	573	315	435	185	394	240	649	876	654	958	458	574	510	298	896	279	605	729	69	71	475	828	384	508	750	367	727	710	879	855	386	630	655	237	941	386	300	369	787	409	351	890	74	892	852	556	171	422	647	7	599	480	237	447	260	624	264	550	352	97	298	0	385	340	551	250	840	11	682	334	426	411	906	315	391	203	157	741	
701	239	232	40	884	652	84	904	166	488	585	331	145	246	692	344	791	699	989	296	464	461	166	850	231	550	876	51	589	530	330	250	710	912	581	396	10	849	182	761	150	619	353	94	152	494	486	155	547	646	741	265	932	166	227	201	754	369	936	38	848	865	999	261	385	237	375	188	557	169	857	45	481	293	487	475	472	439	521	332	179	125	134	385	0	25	325	904	20	312	48	28	928	807	221	688	666	247	448	845	
179	124	639	606	469	486	902	484	270	391	36	170	2	157	955	314	414	531	989	313	998	474	537	719	149	888	880	621	364	431	890	661	162	751	936	720	291	381	348	225	304	839	486	30	190	285	452	366	515	39	974	772	739	526	492	31	428	383	454	986	347	721	874	994	625	469	806	624	709	508	956	579	824	95	916	767	480	750	284	372	765	826	637	340	25	0	613	11	426	462	293	707	189	294	375	860	703	151	417	880	
367	19	366	788	806	531	971	487	269	242	845	805	891	915	38	884	679	371	503	791	613	320	345	534	526	613	251	368	279	134	344	428	687	399	8	96	536	1000	38	116	516	896	422	587	347	774	439	433	724	996	248	281	610	974	293	585	516	484	990	805	69	468	91	872	664	431	755	357	446	759	986	199	632	803	118	628	521	22	348	892	994	399	376	551	325	613	0	890	280	227	131	891	847	158	926	426	183	924	783	273	
165	953	706	788	667	967	678	732	622	354	687	922	238	248	82	714	35	639	579	88	666	553	658	354	222	166	839	151	993	570	810	386	192	666	320	844	259	979	984	43	404	491	170	36	950	763	234	917	897	723	466	576	933	202	704	756	104	502	386	637	228	85	339	237	424	406	1	82	260	955	614	13	432	384	492	334	816	217	543	163	120	851	942	250	904	11	890	0	803	473	368	297	836	888	646	713	535	705	653	633	
129	78	705	819	626	865	153	176	828	450	530	820	63	717	808	380	295	546	116	498	312	972	796	23	987	717	325	858	249	824	220	484	549	572	520	739	466	943	784	269	688	314	250	208	171	971	669	212	274	616	893	982	773	490	897	456	795	903	748	121	763	342	938	621	829	803	746	621	932	719	469	704	224	302	23	324	372	405	789	683	875	399	230	840	20	426	280	803	0	899	617	251	446	9	474	738	598	172	661	770	
893	881	281	236	494	708	333	327	949	827	449	907	53	39	643	358	191	431	296	208	98	608	452	271	816	859	287	322	812	203	448	332	127	922	218	703	82	135	467	283	669	223	894	667	631	717	633	379	18	446	922	270	344	499	811	662	341	616	558	407	707	370	844	549	205	536	306	627	617	79	226	412	881	694	163	490	824	506	517	32	550	548	101	11	312	462	227	473	899	0	799	324	189	839	50	558	990	670	86	702	
598	603	715	182	457	613	117	687	538	898	79	567	414	974	424	634	761	452	268	371	842	903	568	933	584	853	187	127	395	407	971	42	898	784	33	434	32	658	18	569	784	236	281	776	329	442	206	387	377	208	949	977	952	349	596	520	400	286	654	734	753	642	677	335	839	127	832	751	985	521	389	478	853	471	145	443	798	795	450	68	708	189	812	682	48	293	131	368	617	799	0	126	133	443	792	698	684	451	594	132	
290	221	995	940	919	219	375	386	272	341	530	401	71	282	137	523	739	94	163	48	30	349	78	815	97	288	698	653	75	527	369	138	592	367	342	136	729	901	957	59	734	975	403	77	150	319	280	223	569	794	518	8	773	378	950	423	357	254	77	920	42	103	147	142	438	867	688	843	895	23	709	862	72	934	113	813	759	371	282	133	206	213	113	334	28	707	891	297	251	324	126	0	479	528	438	796	349	346	327	365	
327	799	697	777	716	826	869	296	545	180	17	260	212	486	220	974	344	232	772	977	651	419	906	151	249	420	908	672	693	382	813	134	993	72	722	892	512	380	54	602	664	276	710	795	953	877	594	591	141	929	111	631	810	594	970	275	812	120	708	694	355	405	113	225	463	776	821	432	314	243	375	965	572	581	655	930	369	528	631	354	505	687	752	426	928	189	847	836	446	189	133	479	0	606	63	210	106	944	240	400	
278	495	810	65	1000	398	908	755	491	756	334	675	119	686	891	987	266	164	490	27	722	6	713	137	15	118	603	326	564	401	29	673	426	25	896	97	829	927	738	531	870	429	360	699	97	911	690	592	785	784	467	406	679	680	187	51	758	623	133	730	954	217	698	78	72	400	313	131	280	864	129	719	690	689	45	223	795	299	782	645	280	412	552	411	807	294	158	888	9	839	443	528	606	0	184	954	474	688	941	981	
280	840	561	421	997	17	930	335	586	24	23	620	731	385	696	53	64	92	504	475	931	866	621	989	775	982	709	893	452	732	124	26	352	367	116	282	921	677	932	426	268	842	542	974	339	552	408	457	485	181	353	389	824	135	155	49	120	182	941	964	150	287	49	894	35	484	181	759	987	564	421	922	885	2	210	551	250	487	97	391	519	755	134	906	221	375	926	646	474	50	792	438	63	184	0	922	554	849	136	141	
44	248	470	85	692	389	806	199	762	939	39	486	938	304	658	942	567	324	783	101	823	411	135	549	981	346	773	94	44	246	535	821	960	455	233	986	795	679	771	674	945	800	335	967	669	974	175	623	882	727	919	483	731	511	39	355	61	32	416	463	611	665	171	661	570	579	879	649	39	399	770	102	376	235	173	223	651	343	46	9	73	601	330	315	688	860	426	713	738	558	698	796	210	954	922	0	369	36	267	399	
497	158	987	557	610	732	500	439	262	563	938	116	184	361	532	910	988	618	345	710	218	528	754	593	657	414	895	325	137	644	206	820	172	170	792	240	139	240	650	959	625	253	650	665	332	97	907	996	264	563	120	493	964	309	481	632	576	263	189	165	233	789	105	686	558	65	254	668	151	441	979	115	433	277	989	780	552	662	819	759	707	991	84	391	666	703	183	535	598	990	684	349	106	474	554	369	0	105	377	887	
569	125	132	704	353	567	317	65	491	260	492	458	865	307	803	944	431	105	589	218	262	932	888	205	714	568	903	884	272	804	961	126	77	117	578	336	860	647	455	716	410	521	857	285	241	663	243	265	360	199	327	8	989	849	730	442	898	295	665	536	117	892	727	250	166	100	230	799	293	853	985	114	397	235	125	303	770	691	111	321	253	695	377	203	247	151	924	705	172	670	451	346	944	688	849	36	105	0	561	810	
469	518	984	887	553	815	337	546	573	806	968	544	451	673	14	893	401	844	847	536	754	394	530	225	251	983	39	794	48	812	641	231	4	911	7	621	682	254	665	295	393	628	984	396	637	630	821	217	694	681	912	662	839	892	293	858	915	346	144	619	586	617	247	177	135	412	868	441	991	82	36	765	926	190	420	321	418	410	138	266	560	464	956	157	448	417	783	653	661	86	594	327	240	941	136	267	377	561	0	809	
435	985	184	662	614	114	368	749	334	917	149	362	233	652	650	541	979	32	82	269	778	149	792	948	800	776	856	357	896	575	93	825	430	807	323	365	553	204	6	613	994	114	189	677	556	310	458	618	628	426	854	291	626	520	800	707	776	634	181	321	116	400	568	493	156	923	26	241	610	377	13	902	452	270	439	857	906	833	220	735	485	916	737	741	845	880	273	633	770	702	132	365	400	981	141	399	887	810	809	0	
