100
0	171	433	394	8	808	909	75	970	237	739	532	18	745	499	561	261	923	548	320	614	866	127	193	441	373	711	445	637	404	420	409	449	854	873	539	38	140	762	252	742	174	474	862	819	789	228	863	946	176	392	311	778	315	840	166	768	581	131	610	341	280	322	552	674	295	426	353	802	355	777	823	994	358	244	223	348	548	472	233	794	142	496	550	185	753	871	394	635	415	622	794	986	797	144	40	642	268	956	596	
171	0	590	11	162	821	982	909	882	616	263	943	897	728	60	245	781	544	52	582	604	917	723	565	616	662	845	865	413	784	416	383	902	981	618	654	13	454	43	547	417	65	684	343	125	44	544	742	367	282	594	488	310	341	487	782	48	598	349	309	10	801	532	311	137	780	28	275	9	337	288	825	924	617	890	794	62	820	358	255	414	551	651	537	615	757	463	649	55	545	626	938	704	514	679	323	37	288	894	849	
433	590	0	719	726	909	357	906	345	321	634	33	32	695	937	49	621	527	312	29	587	500	352	581	239	733	310	844	524	16	525	250	290	983	266	64	983	411	128	906	113	417	109	721	834	754	77	138	860	687	77	649	199	989	906	770	370	653	131	673	302	319	852	392	897	456	701	849	946	73	187	437	40	474	917	157	319	815	793	47	821	290	312	227	834	866	391	501	487	298	856	782	729	372	72	47	710	704	706	237	
394	11	719	0	559	255	412	283	502	253	736	28	154	471	503	881	152	889	249	330	140	147	23	928	865	277	388	418	325	40	553	606	352	511	353	507	639	94	821	196	668	442	696	839	944	89	757	247	220	35	496	184	404	625	778	169	30	589	81	646	17	730	263	126	240	357	394	58	945	573	420	432	498	655	676	983	940	117	173	955	722	136	717	131	555	171	536	81	838	466	38	418	374	931	699	703	278	651	565	643	
8	162	726	559	0	878	916	659	214	439	670	700	737	796	548	198	387	305	832	952	100	464	434	242	792	634	764	275	574	371	138	259	937	697	960	282	670	710	732	745	271	500	958	544	736	40	453	111	825	482	156	529	443	108	140	438	398	786	804	560	305	393	695	640	627	682	549	714	363	888	868	254	835	176	456	200	963	145	144	794	355	949	835	920	791	871	331	197	498	685	833	341	389	927	722	370	847	280	377	707	
808	821	909	255	878	0	601	269	252	825	642	756	955	340	289	687	86	958	801	497	294	118	738	776	55	496	197	283	28	282	24	174	188	114	403	724	564	326	386	44	893	236	628	551	247	388	707	417	445	379	421	638	115	257	690	792	974	373	799	254	724	799	763	670	532	294	72	341	158	620	532	118	37	558	768	130	748	448	793	192	8	969	45	678	812	995	176	222	530	934	648	59	721	684	974	662	346	472	670	412	
909	982	357	412	916	601	0	904	779	280	803	550	696	472	621	107	841	547	347	100	168	707	942	825	666	612	314	939	881	288	957	211	786	216	966	463	39	213	545	937	53	454	978	72	384	722	639	363	101	16	787	595	552	173	321	56	592	230	190	263	288	303	458	851	95	867	880	26	218	988	371	625	600	533	3	554	727	399	593	484	981	673	360	444	993	716	884	35	539	221	376	344	522	708	98	456	356	421	801	27	
75	909	906	283	659	269	904	0	67	252	10	728	262	815	343	492	661	191	146	903	682	575	785	607	732	343	338	754	957	291	808	869	782	328	438	770	994	799	540	698	705	766	376	935	398	482	638	462	418	289	755	443	618	664	958	125	303	568	569	131	581	334	295	767	638	187	830	234	647	201	310	120	156	791	170	398	280	839	399	817	599	550	131	624	423	236	417	885	379	637	793	784	755	831	821	581	721	45	345	215	
970	882	345	502	214	252	779	67	0	941	251	434	684	435	794	587	427	931	78	315	988	402	407	547	895	175	477	567	479	697	535	716	952	647	150	777	863	495	701	920	473	947	692	710	791	232	278	609	264	825	975	946	183	557	490	763	399	940	153	995	420	287	750	599	876	33	242	891	246	24	389	674	1	416	853	506	688	763	482	244	308	881	193	491	691	462	167	794	440	461	922	690	691	855	738	196	651	977	717	373	
237	616	321	253	439	825	280	252	941	0	904	972	611	288	182	390	951	368	167	842	847	757	424	467	982	862	343	511	80	753	251	234	326	751	356	96	227	51	373	455	765	764	95	299	376	233	864	516	319	781	564	654	853	740	634	704	12	540	283	767	836	935	758	667	725	216	792	609	680	732	530	427	235	787	83	566	660	470	287	498	416	804	528	447	948	968	661	158	772	717	432	53	546	733	284	688	905	765	918	60	
739	263	634	736	670	642	803	10	251	904	0	298	829	539	301	23	568	979	699	710	751	388	952	513	202	18	765	316	81	382	78	406	920	557	331	59	26	146	369	697	183	734	944	17	193	511	469	985	107	671	155	976	851	798	710	841	618	539	57	180	441	375	696	873	390	202	392	959	719	522	534	892	734	481	589	509	462	718	4	24	813	127	295	176	571	310	52	681	330	905	297	429	198	143	229	559	238	223	92	101	
532	943	33	28	700	756	550	728	434	972	298	0	507	51	455	795	249	549	923	718	301	897	960	933	502	860	5	535	734	411	10	433	794	710	599	527	992	582	571	430	217	557	655	543	575	302	388	670	505	805	938	555	397	407	843	625	861	157	543	477	421	981	297	385	339	162	137	602	560	821	836	343	718	379	833	611	667	537	269	597	917	190	994	437	926	608	139	361	291	154	995	466	503	364	839	713	701	707	153	590	
18	897	32	154	737	955	696	262	684	611	829	507	0	589	915	582	738	78	482	282	370	550	414	19	775	542	730	515	748	162	717	250	64	759	764	515	397	877	833	13	408	23	875	253	858	328	544	123	942	969	433	954	620	481	53	236	525	844	456	757	912	559	181	94	237	178	978	854	976	462	587	948	119	90	273	111	584	49	389	681	173	6	112	634	897	275	964	273	824	926	248	576	553	669	608	505	503	867	332	363	
745	728	695	471	796	340	472	815	435	288	539	51	589	0	873	668	754	682	79	93	286	766	374	511	753	234	229	214	479	472	9	237	893	163	694	532	531	661	31	533	303	66	839	251	138	228	961	996	623	241	173	329	841	554	109	571	404	437	799	952	735	685	963	230	976	152	583	352	504	530	513	983	729	41	645	698	325	696	688	904	945	863	644	805	946	411	404	268	270	698	155	293	695	90	808	375	275	474	293	175	
499	60	937	503	548	289	621	343	794	182	301	455	915	873	0	215	537	64	106	278	910	369	679	292	383	165	640	864	238	315	402	922	641	381	971	976	569	993	412	719	797	792	816	552	40	206	436	489	632	324	782	38	137	883	611	592	433	778	11	989	37	433	640	95	308	894	840	305	122	56	430	176	288	667	952	727	746	132	508	693	833	365	380	258	866	642	549	248	662	181	314	87	611	831	678	411	916	536	986	506	
561	245	49	881	198	687	107	492	587	390	23	795	582	668	215	0	877	281	339	817	409	688	512	950	167	693	874	43	522	66	828	649	457	223	654	364	646	463	869	622	298	461	853	54	193	635	617	450	802	421	2	866	770	81	175	231	633	169	188	532	149	973	78	316	254	90	29	124	98	752	787	218	881	395	140	591	307	255	430	241	81	346	228	164	882	108	949	41	151	426	746	695	993	668	337	58	49	523	419	257	
261	781	621	152	387	86	841	661	427	951	568	249	738	754	537	877	0	792	143	436	196	360	824	156	294	187	500	145	375	346	816	464	325	321	234	332	549	713	983	485	148	934	240	837	603	850	762	207	266	569	6	977	35	951	294	924	355	127	673	505	581	982	945	31	280	959	427	378	849	759	175	517	284	684	977	67	375	346	790	954	735	406	907	58	912	318	235	109	903	256	815	279	442	283	963	424	498	804	623	631	
923	544	527	889	305	958	547	191	931	368	979	549	78	682	64	281	792	0	664	177	763	57	342	19	670	843	191	975	89	788	793	805	919	886	930	341	200	15	985	535	470	27	542	530	224	12	533	464	565	428	479	840	91	266	570	83	385	468	330	626	649	852	647	176	386	694	121	117	325	353	353	522	454	795	90	988	966	106	712	307	663	129	872	834	623	175	64	852	920	503	232	868	655	91	281	221	620	201	213	956	
548	52	312	249	832	801	347	146	78	167	699	923	482	79	106	339	143	664	0	401	11	376	843	783	194	525	64	477	355	444	605	363	349	186	160	174	225	929	366	508	67	34	556	338	392	992	710	668	688	559	851	574	982	197	489	744	86	911	221	775	351	679	462	850	497	621	339	217	728	348	265	957	537	31	153	124	284	619	778	84	691	510	315	338	666	808	979	827	360	545	533	618	325	147	278	275	4	842	569	809	
320	582	29	330	952	497	100	903	315	842	710	718	282	93	278	817	436	177	401	0	707	585	789	275	544	215	413	483	702	850	160	154	769	810	2	78	407	442	739	326	927	346	127	728	918	192	53	832	559	208	268	892	754	145	243	205	281	274	535	313	223	614	890	671	506	132	322	530	115	177	488	202	724	234	506	407	105	397	156	911	641	471	66	762	175	915	761	996	196	521	399	324	295	454	599	162	512	843	897	318	
614	604	587	140	100	294	168	682	988	847	751	301	370	286	910	409	196	763	11	707	0	417	640	546	222	942	986	464	312	111	962	249	641	755	80	813	605	375	256	80	633	992	732	868	652	309	690	287	893	184	471	265	417	575	996	297	124	334	608	936	754	727	95	366	190	661	178	35	187	709	910	769	370	933	145	24	251	298	418	250	630	645	241	481	156	725	263	725	378	907	39	610	863	690	317	833	694	142	69	14	
866	917	500	147	464	118	707	575	402	757	388	897	550	766	369	688	360	57	376	585	417	0	166	398	863	995	895	773	858	394	959	397	351	616	111	877	304	49	520	413	696	182	193	926	836	622	189	608	227	116	489	774	218	709	316	309	946	989	706	821	198	491	506	455	976	881	342	280	740	384	74	356	399	316	49	447	561	92	101	496	201	206	718	159	87	64	533	944	768	585	729	112	421	737	434	423	558	606	300	351	
127	723	352	23	434	738	942	785	407	424	952	960	414	374	679	512	824	342	843	789	640	166	0	557	424	277	148	21	608	394	317	397	53	855	778	927	998	727	150	231	471	67	751	16	678	701	4	944	309	944	430	207	717	232	610	692	552	936	21	521	904	412	105	528	287	595	520	174	918	130	862	199	770	285	51	154	531	790	113	878	831	355	708	813	671	588	296	8	64	978	615	636	349	558	938	227	27	49	655	717	
193	565	581	928	242	776	825	607	547	467	513	933	19	511	292	950	156	19	783	275	546	398	557	0	757	279	501	705	553	442	36	727	474	668	312	496	144	573	200	344	293	86	977	298	312	220	977	948	224	258	737	997	953	64	834	181	371	960	459	620	324	379	609	822	434	47	265	996	70	924	954	310	773	951	479	49	257	62	563	819	103	438	909	39	730	913	38	733	216	300	457	512	339	824	243	839	403	70	891	812	
441	616	239	865	792	55	666	732	895	982	202	502	775	753	383	167	294	670	194	544	222	863	424	757	0	578	785	659	769	833	607	879	677	377	24	702	921	396	994	887	711	236	380	430	317	348	858	239	878	767	625	889	954	741	155	671	232	157	188	715	321	327	518	52	990	369	282	130	468	645	96	895	767	33	209	576	725	119	163	36	909	294	981	836	192	873	220	804	6	742	53	321	412	641	347	124	261	610	595	222	
373	662	733	277	634	496	612	343	175	862	18	860	542	234	165	693	187	843	525	215	942	995	277	279	578	0	990	924	647	180	958	896	496	917	526	17	319	640	190	289	213	548	120	285	386	51	352	716	115	926	268	62	263	783	457	458	77	531	95	904	286	246	429	584	384	300	831	59	326	101	535	337	298	128	83	370	44	963	342	681	1000	314	424	405	707	206	938	722	262	480	397	393	390	622	483	307	978	749	601	395	
711	845	310	388	764	197	314	338	477	343	765	5	730	229	640	874	500	191	64	413	986	895	148	501	785	990	0	991	489	618	700	258	856	735	280	324	45	278	220	986	444	193	856	317	593	761	659	502	902	362	958	839	396	888	720	431	394	570	242	860	900	111	164	541	350	814	72	856	665	394	828	402	148	502	198	5	935	909	276	39	268	229	305	249	376	573	231	316	304	20	649	675	455	844	191	181	703	368	560	9	
445	865	844	418	275	283	939	754	567	511	316	535	515	214	864	43	145	975	477	483	464	773	21	705	659	924	991	0	374	81	523	232	667	519	743	421	17	294	260	464	459	551	201	739	928	929	160	28	890	311	262	221	297	811	695	96	582	683	466	119	820	428	232	579	185	261	939	179	574	757	517	24	763	422	14	398	447	972	579	846	38	345	563	250	364	931	803	560	360	433	572	562	141	682	99	437	221	518	66	169	
637	413	524	325	574	28	881	957	479	80	81	734	748	479	238	522	375	89	355	702	312	858	608	553	769	647	489	374	0	439	833	398	16	107	789	945	587	811	182	472	937	204	572	863	249	77	589	627	731	288	298	728	146	494	555	788	844	704	164	468	13	931	218	7	928	292	833	256	632	228	736	575	286	557	752	73	980	886	560	727	353	252	500	381	486	834	383	572	265	505	615	90	71	163	304	128	832	293	356	348	
404	784	16	40	371	282	288	291	697	753	382	411	162	472	315	66	346	788	444	850	111	394	394	442	833	180	618	81	439	0	597	860	433	840	69	369	723	635	401	567	852	879	828	548	113	346	631	599	735	545	516	833	830	706	441	503	644	993	383	263	933	917	588	728	306	899	742	87	103	428	513	616	562	771	139	113	752	969	669	557	570	412	532	840	849	693	722	342	485	818	431	921	684	492	371	43	313	601	184	800	
420	416	525	553	138	24	957	808	535	251	78	10	717	9	402	828	816	793	605	160	962	959	317	36	607	958	700	523	833	597	0	51	556	516	551	320	147	157	827	42	729	888	429	80	165	371	317	488	492	17	97	236	35	870	236	42	967	60	338	808	776	397	235	808	795	114	455	384	127	107	137	990	170	848	799	82	477	671	696	644	141	631	743	767	756	253	976	750	535	893	408	839	937	963	529	157	449	282	662	170	
409	383	250	606	259	174	211	869	716	234	406	433	250	237	922	649	464	805	363	154	249	397	397	727	879	896	258	232	398	860	51	0	583	101	436	76	668	844	434	855	698	265	819	988	514	908	977	113	845	484	388	864	757	455	67	148	349	123	226	194	958	965	996	557	835	603	291	628	431	677	663	839	470	265	395	40	545	160	286	695	614	586	56	985	24	761	923	409	186	933	973	327	826	307	611	353	188	428	375	55	
449	902	290	352	937	188	786	782	952	326	920	794	64	893	641	457	325	919	349	769	641	351	53	474	677	496	856	667	16	433	556	583	0	267	347	605	403	575	207	315	561	308	434	183	707	288	705	277	24	559	333	73	686	146	105	898	741	853	796	144	526	856	49	768	4	817	894	637	610	783	211	105	926	170	283	740	196	145	103	683	669	652	425	405	41	300	470	930	931	743	48	798	509	808	523	957	740	319	326	158	
854	981	983	511	697	114	216	328	647	751	557	710	759	163	381	223	321	886	186	810	755	616	855	668	377	917	735	519	107	840	516	101	267	0	452	77	52	701	55	99	764	980	906	75	165	81	689	958	334	598	628	775	213	245	473	729	255	490	893	461	792	838	533	310	386	593	850	889	859	912	876	894	130	23	510	252	859	688	931	197	20	589	598	845	638	818	488	177	576	471	662	445	384	413	505	463	92	622	883	866	
873	618	266	353	960	403	966	438	150	356	331	599	764	694	971	654	234	930	160	2	80	111	778	312	24	526	280	743	789	69	551	436	347	452	0	576	721	934	189	448	942	143	534	809	592	483	689	251	569	32	533	401	106	871	520	140	707	801	610	21	623	784	744	426	252	95	874	107	754	548	215	445	137	333	223	758	824	49	354	994	523	401	775	814	901	367	255	347	494	917	483	933	287	576	955	341	676	422	224	403	
539	654	64	507	282	724	463	770	777	96	59	527	515	532	976	364	332	341	174	78	813	877	927	496	702	17	324	421	945	369	320	76	605	77	576	0	40	583	268	656	31	537	609	267	520	342	640	491	458	873	27	772	706	262	244	333	849	82	344	314	162	403	798	365	717	265	980	538	717	214	12	586	537	673	195	89	225	921	899	948	407	544	657	293	361	854	185	970	116	296	920	170	579	329	971	153	616	415	350	238	
38	13	983	639	670	564	39	994	863	227	26	992	397	531	569	646	549	200	225	407	605	304	998	144	921	319	45	17	587	723	147	668	403	52	721	40	0	633	697	408	707	359	56	933	22	891	123	779	846	426	207	17	279	651	54	837	97	126	184	621	629	344	728	72	707	476	897	63	584	972	64	550	531	456	459	223	522	109	594	528	865	594	813	443	219	232	551	560	363	736	137	606	709	369	522	999	457	354	126	757	
140	454	411	94	710	326	213	799	495	51	146	582	877	661	993	463	713	15	929	442	375	49	727	573	396	640	278	294	811	635	157	844	575	701	934	583	633	0	240	629	660	295	770	116	52	449	167	648	528	227	724	248	11	416	257	167	344	545	848	825	172	483	777	207	942	15	108	633	446	593	294	604	372	171	407	580	698	443	883	380	197	786	345	515	608	702	120	929	745	354	904	66	232	540	88	586	765	448	332	954	
762	43	128	821	732	386	545	540	701	373	369	571	833	31	412	869	983	985	366	739	256	520	150	200	994	190	220	260	182	401	827	434	207	55	189	268	697	240	0	897	643	649	74	168	3	164	416	726	485	951	584	648	718	918	548	108	214	194	861	843	306	83	155	957	353	483	641	78	226	304	445	448	196	866	319	561	677	959	679	86	607	539	484	9	600	372	754	175	385	909	484	804	393	512	275	683	875	690	845	49	
252	547	906	196	745	44	937	698	920	455	697	430	13	533	719	622	485	535	508	326	80	413	231	344	887	289	986	464	472	567	42	855	315	99	448	656	408	629	897	0	341	706	561	226	754	90	562	606	451	521	986	429	521	471	641	952	606	835	334	938	557	658	957	343	903	217	402	139	808	557	149	86	385	952	247	55	575	351	900	903	411	545	672	864	156	83	559	693	514	10	512	684	828	113	81	481	188	796	73	748	
742	417	113	668	271	893	53	705	473	765	183	217	408	303	797	298	148	470	67	927	633	696	471	293	711	213	444	459	937	852	729	698	561	764	942	31	707	660	643	341	0	305	283	610	982	550	659	238	456	57	801	604	669	479	697	634	129	654	438	613	761	395	267	535	861	204	137	296	556	737	514	544	630	503	189	924	768	860	19	527	340	354	178	819	359	638	143	560	959	608	418	356	996	456	12	139	381	215	644	217	
174	65	417	442	500	236	454	766	947	764	734	557	23	66	792	461	934	27	34	346	992	182	67	86	236	548	193	551	204	879	888	265	308	980	143	537	359	295	649	706	305	0	679	564	442	94	298	984	484	194	325	868	888	665	83	65	408	96	741	8	324	625	946	827	253	443	548	435	622	622	549	300	200	869	810	590	622	100	495	782	726	700	307	564	161	157	222	773	932	396	664	4	648	30	147	333	831	475	347	971	
474	684	109	696	958	628	978	376	692	95	944	655	875	839	816	853	240	542	556	127	732	193	751	977	380	120	856	201	572	828	429	819	434	906	534	609	56	770	74	561	283	679	0	977	301	901	115	494	611	150	263	60	354	357	911	827	827	684	933	703	603	219	208	150	551	286	876	491	766	313	136	626	923	400	232	693	755	363	836	334	748	282	632	806	279	949	69	357	135	504	864	883	858	237	153	278	568	778	239	269	
862	343	721	839	544	551	72	935	710	299	17	543	253	251	552	54	837	530	338	728	868	926	16	298	430	285	317	739	863	548	80	988	183	75	809	267	933	116	168	226	610	564	977	0	81	588	155	997	668	260	754	121	582	793	246	112	759	30	343	106	715	30	934	698	591	821	771	34	267	593	536	420	95	153	5	597	785	349	293	655	230	22	137	119	942	974	955	875	693	67	878	712	135	288	404	660	268	541	440	535	
819	125	834	944	736	247	384	398	791	376	193	575	858	138	40	193	603	224	392	918	652	836	678	312	317	386	593	928	249	113	165	514	707	165	592	520	22	52	3	754	982	442	301	81	0	501	73	501	31	422	205	222	132	404	826	440	201	536	630	581	45	716	923	178	257	78	72	316	882	427	572	822	865	182	576	254	729	185	84	176	456	474	573	467	962	26	22	163	587	923	268	118	460	576	742	420	776	545	341	264	
789	44	754	89	40	388	722	482	232	233	511	302	328	228	206	635	850	12	992	192	309	622	701	220	348	51	761	929	77	346	371	908	288	81	483	342	891	449	164	90	550	94	901	588	501	0	606	110	193	980	825	988	220	892	927	38	267	905	391	126	137	218	215	996	22	478	885	598	737	149	964	985	306	95	73	134	411	4	382	121	855	422	942	446	475	404	946	37	652	481	884	584	394	716	755	450	916	921	518	178	
228	544	77	757	453	707	639	638	278	864	469	388	544	961	436	617	762	533	710	53	690	189	4	977	858	352	659	160	589	631	317	977	705	689	689	640	123	167	416	562	659	298	115	155	73	606	0	76	832	356	431	108	372	139	527	433	575	904	259	494	372	199	797	724	669	642	877	505	374	639	1000	615	337	413	547	183	172	568	454	709	232	478	892	342	331	856	809	567	385	677	45	903	502	467	849	360	631	535	583	178	
863	742	138	247	111	417	363	462	609	516	985	670	123	996	489	450	207	464	668	832	287	608	944	948	239	716	502	28	627	599	488	113	277	958	251	491	779	648	726	606	238	984	494	997	501	110	76	0	809	943	167	617	290	527	167	1000	431	697	555	69	478	136	134	895	805	686	479	53	442	868	23	105	236	739	121	622	602	953	203	558	227	974	517	294	613	935	56	237	810	690	89	363	528	339	717	815	840	751	671	908	
946	367	860	220	825	445	101	418	264	319	107	505	942	623	632	802	266	565	688	559	893	227	309	224	878	115	902	890	731	735	492	845	24	334	569	458	846	528	485	451	456	484	611	668	31	193	832	809	0	818	455	64	821	678	823	470	990	190	423	40	157	746	258	121	320	412	214	139	392	405	451	231	415	176	903	458	79	630	753	393	763	417	148	224	626	381	487	463	328	139	979	423	647	472	444	228	447	157	675	443	
176	282	687	35	482	379	16	289	825	781	671	805	969	241	324	421	569	428	559	208	184	116	944	258	767	926	362	311	288	545	17	484	559	598	32	873	426	227	951	521	57	194	150	260	422	980	356	943	818	0	193	529	771	869	826	580	611	196	590	421	284	598	723	743	92	424	864	183	778	773	741	257	923	935	164	187	67	957	737	618	368	710	295	172	796	764	739	430	985	796	948	607	58	110	739	900	239	536	735	765	
392	594	77	496	156	421	787	755	975	564	155	938	433	173	782	2	6	479	851	268	471	489	430	737	625	268	958	262	298	516	97	388	333	628	533	27	207	724	584	986	801	325	263	754	205	825	431	167	455	193	0	401	480	412	648	759	721	773	429	17	837	32	466	843	244	746	847	252	316	610	317	47	146	450	562	369	160	843	56	509	759	904	632	949	839	70	552	729	949	466	181	532	35	483	133	157	606	58	211	60	
311	488	649	184	529	638	595	443	946	654	976	555	954	329	38	866	977	840	574	892	265	774	207	997	889	62	839	221	728	833	236	864	73	775	401	772	17	248	648	429	604	868	60	121	222	988	108	617	64	529	401	0	332	976	592	790	157	15	112	939	621	843	212	325	782	962	430	828	210	289	42	880	505	625	874	974	896	555	418	566	612	904	670	188	261	148	281	478	766	27	296	534	772	324	198	313	85	197	793	102	
778	310	199	404	443	115	552	618	183	853	851	397	620	841	137	770	35	91	982	754	417	218	717	953	954	263	396	297	146	830	35	757	686	213	106	706	279	11	718	521	669	888	354	582	132	220	372	290	821	771	480	332	0	130	887	252	923	608	404	158	357	636	23	723	134	637	651	850	492	727	982	167	343	932	566	138	347	766	485	215	903	403	290	567	957	775	528	920	379	960	274	128	513	110	439	279	589	314	827	54	
315	341	989	625	108	257	173	664	557	740	798	407	481	554	883	81	951	266	197	145	575	709	232	64	741	783	888	811	494	706	870	455	146	245	871	262	651	416	918	471	479	665	357	793	404	892	139	527	678	869	412	976	130	0	715	225	182	402	121	640	337	342	921	698	534	760	192	496	383	282	391	728	419	612	200	594	476	632	164	119	203	382	234	66	656	801	186	891	461	738	51	898	811	596	154	769	760	464	620	685	
840	487	906	778	140	690	321	958	490	634	710	843	53	109	611	175	294	570	489	243	996	316	610	834	155	457	720	695	555	441	236	67	105	473	520	244	54	257	548	641	697	83	911	246	826	927	527	167	823	826	648	592	887	715	0	15	217	598	214	311	498	610	493	873	430	684	566	492	928	38	38	59	365	890	38	378	223	342	969	549	36	828	354	994	486	754	10	951	332	584	97	39	40	104	202	25	34	499	764	25	
166	782	770	169	438	792	56	125	763	704	841	625	236	571	592	231	924	83	744	205	297	309	692	181	671	458	431	96	788	503	42	148	898	729	140	333	837	167	108	952	634	65	827	112	440	38	433	1000	470	580	759	790	252	225	15	0	646	241	701	580	929	393	618	502	42	474	909	342	246	312	239	612	124	740	70	585	339	245	416	440	840	612	56	956	404	919	432	603	862	123	16	225	893	383	222	248	441	359	567	142	
768	48	370	30	398	974	592	303	399	12	618	861	525	404	433	633	355	385	86	281	124	946	552	371	232	77	394	582	844	644	967	349	741	255	707	849	97	344	214	606	129	408	827	759	201	267	575	431	990	611	721	157	923	182	217	646	0	562	630	309	71	969	688	490	772	326	63	315	972	793	332	112	315	181	681	931	569	201	860	271	468	409	206	851	576	733	484	279	365	232	158	630	602	212	447	149	297	205	173	651	
581	598	653	589	786	373	230	568	940	540	539	157	844	437	778	169	127	468	911	274	334	989	936	960	157	531	570	683	704	993	60	123	853	490	801	82	126	545	194	835	654	96	684	30	536	905	904	697	190	196	773	15	608	402	598	241	562	0	98	163	737	754	213	987	800	28	579	191	971	705	404	309	252	145	222	830	539	404	284	489	624	442	517	415	833	952	103	264	830	616	363	510	731	621	691	199	486	901	833	889	
131	349	131	81	804	799	190	569	153	283	57	543	456	799	11	188	673	330	221	535	608	706	21	459	188	95	242	466	164	383	338	226	796	893	610	344	184	848	861	334	438	741	933	343	630	391	259	555	423	590	429	112	404	121	214	701	630	98	0	641	119	826	105	106	150	3	245	410	863	938	779	411	88	440	665	470	594	830	775	107	577	86	297	257	841	715	338	993	827	844	717	327	104	220	597	168	789	46	88	562	
610	309	673	646	560	254	263	131	995	767	180	477	757	952	989	532	505	626	775	313	936	821	521	620	715	904	860	119	468	263	808	194	144	461	21	314	621	825	843	938	613	8	703	106	581	126	494	69	40	421	17	939	158	640	311	580	309	163	641	0	296	991	768	720	553	4	186	645	260	814	994	268	311	435	983	461	639	647	906	770	32	667	629	986	973	4	730	958	156	255	233	891	437	36	566	407	533	688	498	223	
341	10	302	17	305	724	288	581	420	836	441	421	912	735	37	149	581	649	351	223	754	198	904	324	321	286	900	820	13	933	776	958	526	792	623	162	629	172	306	557	761	324	603	715	45	137	372	478	157	284	837	621	357	337	498	929	71	737	119	296	0	694	784	857	625	465	587	693	525	423	79	393	81	380	670	15	549	365	986	198	652	756	383	991	565	209	128	735	448	827	749	489	965	663	931	285	913	864	564	84	
280	801	319	730	393	799	303	334	287	935	375	981	559	685	433	973	982	852	679	614	727	491	412	379	327	246	111	428	931	917	397	965	856	838	784	403	344	483	83	658	395	625	219	30	716	218	199	136	746	598	32	843	636	342	610	393	969	754	826	991	694	0	602	464	529	965	542	606	766	261	447	177	437	378	241	964	421	433	487	394	483	585	635	107	289	880	973	424	839	876	685	972	168	180	580	987	911	776	960	623	
322	532	852	263	695	763	458	295	750	758	696	297	181	963	640	78	945	647	462	890	95	506	105	609	518	429	164	232	218	588	235	996	49	533	744	798	728	777	155	957	267	946	208	934	923	215	797	134	258	723	466	212	23	921	493	618	688	213	105	768	784	602	0	713	118	383	793	325	863	375	565	745	233	762	961	246	574	183	759	423	685	247	792	557	983	382	124	743	837	851	776	832	657	425	983	282	938	494	692	242	
552	311	392	126	640	670	851	767	599	667	873	385	94	230	95	316	31	176	850	671	366	455	528	822	52	584	541	579	7	728	808	557	768	310	426	365	72	207	957	343	535	827	150	698	178	996	724	895	121	743	843	325	723	698	873	502	490	987	106	720	857	464	713	0	995	52	982	971	430	70	741	488	213	662	36	572	825	365	72	292	407	98	600	248	744	542	870	597	959	215	645	550	904	188	538	781	264	160	816	796	
674	137	897	240	627	532	95	638	876	725	390	339	237	976	308	254	280	386	497	506	190	976	287	434	990	384	350	185	928	306	795	835	4	386	252	717	707	942	353	903	861	253	551	591	257	22	669	805	320	92	244	782	134	534	430	42	772	800	150	553	625	529	118	995	0	360	755	519	977	621	990	301	10	749	333	127	948	858	209	785	115	651	287	101	669	412	427	441	911	266	377	92	157	676	637	770	227	727	201	870	
295	780	456	357	682	294	867	187	33	216	202	162	178	152	894	90	959	694	621	132	661	881	595	47	369	300	814	261	292	899	114	603	817	593	95	265	476	15	483	217	204	443	286	821	78	478	642	686	412	424	746	962	637	760	684	474	326	28	3	4	465	965	383	52	360	0	874	208	207	391	248	271	432	78	590	106	53	7	624	679	916	326	208	799	277	380	68	871	708	370	282	921	146	493	49	299	760	931	569	829	
426	28	701	394	549	72	880	830	242	792	392	137	978	583	840	29	427	121	339	322	178	342	520	265	282	831	72	939	833	742	455	291	894	850	874	980	897	108	641	402	137	548	876	771	72	885	877	479	214	864	847	430	651	192	566	909	63	579	245	186	587	542	793	982	755	874	0	243	485	646	272	910	69	977	526	780	697	136	781	70	889	535	280	636	342	270	399	799	875	996	902	862	505	661	444	287	557	849	484	377	
353	275	849	58	714	341	26	234	891	609	959	602	854	352	305	124	378	117	217	530	35	280	174	996	130	59	856	179	256	87	384	628	637	889	107	538	63	633	78	139	296	435	491	34	316	598	505	53	139	183	252	828	850	496	492	342	315	191	410	645	693	606	325	971	519	208	243	0	165	109	233	55	267	797	782	896	464	250	203	820	693	896	535	962	150	308	130	304	440	836	738	386	733	935	594	375	165	191	997	240	
802	9	946	945	363	158	218	647	246	680	719	560	976	504	122	98	849	325	728	115	187	740	918	70	468	326	665	574	632	103	127	431	610	859	754	717	584	446	226	808	556	622	766	267	882	737	374	442	392	778	316	210	492	383	928	246	972	971	863	260	525	766	863	430	977	207	485	165	0	959	852	233	587	97	899	985	327	324	182	99	280	667	6	924	597	965	822	177	80	617	498	999	670	746	591	549	120	195	237	800	
355	337	73	573	888	620	988	201	24	732	522	821	462	530	56	752	759	353	348	177	709	384	130	924	645	101	394	757	228	428	107	677	783	912	548	214	972	593	304	557	737	622	313	593	427	149	639	868	405	773	610	289	727	282	38	312	793	705	938	814	423	261	375	70	621	391	646	109	959	0	121	964	867	879	497	310	594	393	585	628	924	916	528	994	734	255	702	890	460	714	719	285	604	468	554	519	430	173	586	806	
777	288	187	420	868	532	371	310	389	530	534	836	587	513	430	787	175	353	265	488	910	74	862	954	96	535	828	517	736	513	137	663	211	876	215	12	64	294	445	149	514	549	136	536	572	964	1000	23	451	741	317	42	982	391	38	239	332	404	779	994	79	447	565	741	990	248	272	233	852	121	0	90	78	124	756	994	453	50	611	354	85	536	976	13	166	382	115	114	856	629	670	183	286	853	812	244	913	461	437	259	
823	825	437	432	254	118	625	120	674	427	892	343	948	983	176	218	517	522	957	202	769	356	199	310	895	337	402	24	575	616	990	839	105	894	445	586	550	604	448	86	544	300	626	420	822	985	615	105	231	257	47	880	167	728	59	612	112	309	411	268	393	177	745	488	301	271	910	55	233	964	90	0	162	109	23	14	765	777	14	850	762	942	263	811	749	931	769	65	496	160	798	873	968	313	689	30	501	81	823	129	
994	924	40	498	835	37	600	156	1	235	734	718	119	729	288	881	284	454	537	724	370	399	770	773	767	298	148	763	286	562	170	470	926	130	137	537	531	372	196	385	630	200	923	95	865	306	337	236	415	923	146	505	343	419	365	124	315	252	88	311	81	437	233	213	10	432	69	267	587	867	78	162	0	550	705	219	967	581	992	53	434	174	191	827	363	446	141	323	62	825	873	119	238	620	918	530	435	45	276	738	
358	617	474	655	176	558	533	791	416	787	481	379	90	41	667	395	684	795	31	234	933	316	285	951	33	128	502	422	557	771	848	265	170	23	333	673	456	171	866	952	503	869	400	153	182	95	413	739	176	935	450	625	932	612	890	740	181	145	440	435	380	378	762	662	749	78	977	797	97	879	124	109	550	0	585	32	204	270	203	275	948	834	984	788	276	201	469	906	832	922	3	745	119	334	130	737	123	777	238	545	
244	890	917	676	456	768	3	170	853	83	589	833	273	645	952	140	977	90	153	506	145	49	51	479	209	83	198	14	752	139	799	395	283	510	223	195	459	407	319	247	189	810	232	5	576	73	547	121	903	164	562	874	566	200	38	70	681	222	665	983	670	241	961	36	333	590	526	782	899	497	756	23	705	585	0	218	359	617	760	460	481	209	221	598	824	571	736	743	585	56	513	41	490	703	703	586	668	556	267	84	
223	794	157	983	200	130	554	398	506	566	509	611	111	698	727	591	67	988	124	407	24	447	154	49	576	370	5	398	73	113	82	40	740	252	758	89	223	580	561	55	924	590	693	597	254	134	183	622	458	187	369	974	138	594	378	585	931	830	470	461	15	964	246	572	127	106	780	896	985	310	994	14	219	32	218	0	633	432	358	257	368	848	951	355	822	466	234	626	528	877	638	303	718	496	262	226	418	239	778	567	
348	62	319	940	963	748	727	280	688	660	462	667	584	325	746	307	375	966	284	105	251	561	531	257	725	44	935	447	980	752	477	545	196	859	824	225	522	698	677	575	768	622	755	785	729	411	172	602	79	67	160	896	347	476	223	339	569	539	594	639	549	421	574	825	948	53	697	464	327	594	453	765	967	204	359	633	0	737	345	598	622	377	885	148	211	580	614	470	507	923	629	278	592	15	654	337	958	588	37	753	
548	820	815	117	145	448	399	839	763	470	718	537	49	696	132	255	346	106	619	397	298	92	790	62	119	963	909	972	886	969	671	160	145	688	49	921	109	443	959	351	860	100	363	349	185	4	568	953	630	957	843	555	766	632	342	245	201	404	830	647	365	433	183	365	858	7	136	250	324	393	50	777	581	270	617	432	737	0	167	440	939	931	956	450	363	745	870	550	66	768	68	232	863	660	181	790	718	378	456	651	
472	358	793	173	144	793	593	399	482	287	4	269	389	688	508	430	790	712	778	156	418	101	113	563	163	342	276	579	560	669	696	286	103	931	354	899	594	883	679	900	19	495	836	293	84	382	454	203	753	737	56	418	485	164	969	416	860	284	775	906	986	487	759	72	209	624	781	203	182	585	611	14	992	203	760	358	345	167	0	219	567	234	57	318	623	456	552	522	872	702	268	322	736	543	211	342	868	237	792	698	
233	255	47	955	794	192	484	817	244	498	24	597	681	904	693	241	954	307	84	911	250	496	878	819	36	681	39	846	727	557	644	695	683	197	994	948	528	380	86	903	527	782	334	655	176	121	709	558	393	618	509	566	215	119	549	440	271	489	107	770	198	394	423	292	785	679	70	820	99	628	354	850	53	275	460	257	598	440	219	0	372	100	521	440	139	946	672	712	603	41	864	804	992	785	789	753	859	8	713	171	
794	414	821	722	355	8	981	599	308	416	813	917	173	945	833	81	735	663	691	641	630	201	831	103	909	1000	268	38	353	570	141	614	669	20	523	407	865	197	607	411	340	726	748	230	456	855	232	227	763	368	759	612	903	203	36	840	468	624	577	32	652	483	685	407	115	916	889	693	280	924	85	762	434	948	481	368	622	939	567	372	0	130	995	973	928	422	785	101	399	973	925	583	538	785	317	13	650	985	426	657	
142	551	290	136	949	969	673	550	881	804	127	190	6	863	365	346	406	129	510	471	645	206	355	438	294	314	229	345	252	412	631	586	652	589	401	544	594	786	539	545	354	700	282	22	474	422	478	974	417	710	904	904	403	382	828	612	409	442	86	667	756	585	247	98	651	326	535	896	667	916	536	942	174	834	209	848	377	931	234	100	130	0	259	807	87	817	344	258	252	379	719	492	621	706	136	959	335	113	266	411	
496	651	312	717	835	45	360	131	193	528	295	994	112	644	380	228	907	872	315	66	241	718	708	909	981	424	305	563	500	532	743	56	425	598	775	657	813	345	484	672	178	307	632	137	573	942	892	517	148	295	632	670	290	234	354	56	206	517	297	629	383	635	792	600	287	208	280	535	6	528	976	263	191	984	221	951	885	956	57	521	995	259	0	763	159	535	179	463	604	505	601	136	580	765	967	508	202	951	944	768	
550	537	227	131	920	678	444	624	491	447	176	437	634	805	258	164	58	834	338	762	481	159	813	39	836	405	249	250	381	840	767	985	405	845	814	293	443	515	9	864	819	564	806	119	467	446	342	294	224	172	949	188	567	66	994	956	851	415	257	986	991	107	557	248	101	799	636	962	924	994	13	811	827	788	598	355	148	450	318	440	973	807	763	0	870	414	669	917	250	369	260	424	409	650	695	978	41	546	113	749	
185	615	834	555	791	812	993	423	691	948	571	926	897	946	866	882	912	623	666	175	156	87	671	730	192	707	376	364	486	849	756	24	41	638	901	361	219	608	600	156	359	161	279	942	962	475	331	613	626	796	839	261	957	656	486	404	576	833	841	973	565	289	983	744	669	277	342	150	597	734	166	749	363	276	824	822	211	363	623	139	928	87	159	870	0	370	61	974	577	23	751	859	93	965	671	683	122	250	76	108	
753	757	866	171	871	995	716	236	462	968	310	608	275	411	642	108	318	175	808	915	725	64	588	913	873	206	573	931	834	693	253	761	300	818	367	854	232	702	372	83	638	157	949	974	26	404	856	935	381	764	70	148	775	801	754	919	733	952	715	4	209	880	382	542	412	380	270	308	965	255	382	931	446	201	571	466	580	745	456	946	422	817	535	414	370	0	916	328	830	130	258	618	550	274	129	502	951	969	220	364	
871	463	391	536	331	176	884	417	167	661	52	139	964	404	549	949	235	64	979	761	263	533	296	38	220	938	231	803	383	722	976	923	470	488	255	185	551	120	754	559	143	222	69	955	22	946	809	56	487	739	552	281	528	186	10	432	484	103	338	730	128	973	124	870	427	68	399	130	822	702	115	769	141	469	736	234	614	870	552	672	785	344	179	669	61	916	0	830	614	599	54	137	678	267	568	821	47	148	625	802	
394	649	501	81	197	222	35	885	794	158	681	361	273	268	248	41	109	852	827	996	725	944	8	733	804	722	316	560	572	342	750	409	930	177	347	970	560	929	175	693	560	773	357	875	163	37	567	237	463	430	729	478	920	891	951	603	279	264	993	958	735	424	743	597	441	871	799	304	177	890	114	65	323	906	743	626	470	550	522	712	101	258	463	917	974	328	830	0	567	394	74	314	685	413	599	24	375	260	420	38	
635	55	487	838	498	530	539	379	440	772	330	291	824	270	662	151	903	920	360	196	378	768	64	216	6	262	304	360	265	485	535	186	931	576	494	116	363	745	385	514	959	932	135	693	587	652	385	810	328	985	949	766	379	461	332	862	365	830	827	156	448	839	837	959	911	708	875	440	80	460	856	496	62	832	585	528	507	66	872	603	399	252	604	250	577	830	614	567	0	166	104	610	130	479	92	715	185	756	288	242	
415	545	298	466	685	934	221	637	461	717	905	154	926	698	181	426	256	503	545	521	907	585	978	300	742	480	20	433	505	818	893	933	743	471	917	296	736	354	909	10	608	396	504	67	923	481	677	690	139	796	466	27	960	738	584	123	232	616	844	255	827	876	851	215	266	370	996	836	617	714	629	160	825	922	56	877	923	768	702	41	973	379	505	369	23	130	599	394	166	0	396	443	271	453	722	405	77	351	598	881	
622	626	856	38	833	648	376	793	922	432	297	995	248	155	314	746	815	232	533	399	39	729	615	457	53	397	649	572	615	431	408	973	48	662	483	920	137	904	484	512	418	664	864	878	268	884	45	89	979	948	181	296	274	51	97	16	158	363	717	233	749	685	776	645	377	282	902	738	498	719	670	798	873	3	513	638	629	68	268	864	925	719	601	260	751	258	54	74	104	396	0	493	434	810	433	329	266	437	742	411	
794	938	782	418	341	59	344	784	690	53	429	466	576	293	87	695	279	868	618	324	610	112	636	512	321	393	675	562	90	921	839	327	798	445	933	170	606	66	804	684	356	4	883	712	118	584	903	363	423	607	532	534	128	898	39	225	630	510	327	891	489	972	832	550	92	921	862	386	999	285	183	873	119	745	41	303	278	232	322	804	583	492	136	424	859	618	137	314	610	443	493	0	920	537	480	836	533	816	56	828	
986	704	729	374	389	721	522	755	691	546	198	503	553	695	611	993	442	655	325	295	863	421	349	339	412	390	455	141	71	684	937	826	509	384	287	579	709	232	393	828	996	648	858	135	460	394	502	528	647	58	35	772	513	811	40	893	602	731	104	437	965	168	657	904	157	146	505	733	670	604	286	968	238	119	490	718	592	863	736	992	538	621	580	409	93	550	678	685	130	271	434	920	0	981	832	58	913	838	852	253	
797	514	372	931	927	684	708	831	855	733	143	364	669	90	831	668	283	91	147	454	690	737	558	824	641	622	844	682	163	492	963	307	808	413	576	329	369	540	512	113	456	30	237	288	576	716	467	339	472	110	483	324	110	596	104	383	212	621	220	36	663	180	425	188	676	493	661	935	746	468	853	313	620	334	703	496	15	660	543	785	785	706	765	650	965	274	267	413	479	453	810	537	981	0	827	457	854	853	775	648	
144	679	72	699	722	974	98	821	738	284	229	839	608	808	678	337	963	281	278	599	317	434	938	243	347	483	191	99	304	371	529	611	523	505	955	971	522	88	275	81	12	147	153	404	742	755	849	717	444	739	133	198	439	154	202	222	447	691	597	566	931	580	983	538	637	49	444	594	591	554	812	689	918	130	703	262	654	181	211	789	317	136	967	695	671	129	568	599	92	722	433	480	832	827	0	345	955	19	113	100	
40	323	47	703	370	662	456	581	196	688	559	713	505	375	411	58	424	221	275	162	833	423	227	839	124	307	181	437	128	43	157	353	957	463	341	153	999	586	683	481	139	333	278	660	420	450	360	815	228	900	157	313	279	769	25	248	149	199	168	407	285	987	282	781	770	299	287	375	549	519	244	30	530	737	586	226	337	790	342	753	13	959	508	978	683	502	821	24	715	405	329	836	58	457	345	0	866	554	554	588	
642	37	710	278	847	346	356	721	651	905	238	701	503	275	916	49	498	620	4	512	694	558	27	403	261	978	703	221	832	313	449	188	740	92	676	616	457	765	875	188	381	831	568	268	776	916	631	840	447	239	606	85	589	760	34	441	297	486	789	533	913	911	938	264	227	760	557	165	120	430	913	501	435	123	668	418	958	718	868	859	650	335	202	41	122	951	47	375	185	77	266	533	913	854	955	866	0	93	167	869	
268	288	704	651	280	472	421	45	977	765	223	707	867	474	536	523	804	201	842	843	142	606	49	70	610	749	368	518	293	601	282	428	319	622	422	415	354	448	690	796	215	475	778	541	545	921	535	751	157	536	58	197	314	464	499	359	205	901	46	688	864	776	494	160	727	931	849	191	195	173	461	81	45	777	556	239	588	378	237	8	985	113	951	546	250	969	148	260	756	351	437	816	838	853	19	554	93	0	680	48	
956	894	706	565	377	670	801	345	717	918	92	153	332	293	986	419	623	213	569	897	69	300	655	891	595	601	560	66	356	184	662	375	326	883	224	350	126	332	845	73	644	347	239	440	341	518	583	671	675	735	211	793	827	620	764	567	173	833	88	498	564	960	692	816	201	569	484	997	237	586	437	823	276	238	267	778	37	456	792	713	426	266	944	113	76	220	625	420	288	598	742	56	852	775	113	554	167	680	0	399	
596	849	237	643	707	412	27	215	373	60	101	590	363	175	506	257	631	956	809	318	14	351	717	812	222	395	9	169	348	800	170	55	158	866	403	238	757	954	49	748	217	971	269	535	264	178	178	908	443	765	60	102	54	685	25	142	651	889	562	223	84	623	242	796	870	829	377	240	800	806	259	129	738	545	84	567	753	651	698	171	657	411	768	749	108	364	802	38	242	881	411	828	253	648	100	588	869	48	399	0	
