100
0	741	126	536	975	657	979	718	90	570	972	128	367	218	439	396	530	422	415	19	241	378	536	25	786	307	106	840	992	981	306	20	26	159	6	563	717	732	767	571	355	499	348	112	739	505	516	142	523	629	180	852	940	524	578	90	717	719	521	924	794	26	663	199	527	654	19	780	807	857	506	187	482	156	68	554	134	405	18	125	356	678	731	552	207	158	816	283	897	631	372	981	319	216	96	828	710	19	982	700	
741	0	974	809	60	166	557	5	91	603	895	614	513	370	293	505	292	798	427	551	712	867	191	499	946	714	415	894	390	675	841	262	62	938	257	964	260	438	295	798	195	750	375	661	72	84	525	191	742	679	528	415	3	131	694	67	349	468	240	542	369	227	40	607	85	287	704	531	212	648	637	431	578	425	772	440	504	804	940	798	315	690	748	454	160	618	430	687	35	994	732	471	824	764	425	959	457	947	212	12	
126	974	0	986	7	689	784	257	468	832	913	353	321	818	375	129	968	873	508	89	665	815	767	653	149	442	521	821	360	510	204	707	989	988	817	159	744	482	721	904	288	611	870	899	452	904	883	121	520	230	481	36	400	498	91	362	268	931	436	390	572	735	680	251	126	248	112	42	814	208	18	542	309	939	705	926	37	869	800	419	67	996	645	146	670	518	196	284	488	837	256	532	523	466	705	89	13	57	739	453	
536	809	986	0	263	524	972	317	986	730	640	721	707	777	288	430	897	585	568	371	884	843	368	121	192	578	390	55	586	769	49	876	179	254	529	942	627	245	789	491	256	439	733	542	350	693	186	756	9	263	186	631	473	906	272	930	333	650	540	199	164	404	695	622	791	759	986	30	467	115	663	681	694	835	103	147	112	767	621	579	276	606	500	581	662	530	93	887	39	860	779	707	911	753	307	917	426	37	141	509	
975	60	7	263	0	367	575	232	391	213	997	6	33	926	922	99	436	209	197	108	383	626	3	461	56	613	24	12	365	43	666	68	778	300	94	628	675	166	992	354	708	204	781	762	200	755	467	411	519	497	236	675	163	638	6	458	621	464	806	205	619	33	454	308	37	36	253	678	24	33	894	867	146	396	124	987	383	349	108	493	604	467	699	2	90	226	682	379	581	175	415	928	494	377	518	106	181	435	143	355	
657	166	689	524	367	0	555	855	738	293	263	461	272	201	55	948	780	33	586	88	339	647	532	405	567	504	129	739	602	347	909	826	793	758	52	864	942	555	309	313	443	367	812	174	252	220	193	585	116	935	19	200	986	76	360	520	430	24	505	251	967	696	130	925	71	240	840	940	137	239	758	110	321	41	825	256	397	692	739	316	603	15	37	586	555	816	184	634	662	653	373	752	583	806	83	241	840	281	394	846	
979	557	784	972	575	555	0	528	501	646	975	381	251	294	298	357	865	677	452	961	377	129	438	731	459	882	140	887	782	213	154	904	340	738	367	517	519	146	943	692	966	685	660	325	845	259	533	859	588	425	865	838	502	670	518	516	196	535	149	353	251	928	776	165	796	29	919	749	347	880	535	284	394	626	940	20	655	415	368	639	235	437	149	43	620	926	831	685	589	495	334	541	884	240	347	371	501	396	768	272	
718	5	257	317	232	855	528	0	605	803	493	273	842	655	848	255	497	43	84	514	855	139	222	79	716	975	724	863	725	850	622	322	721	755	466	380	615	249	811	823	814	940	633	401	732	994	207	752	635	79	137	843	257	457	260	378	151	323	946	217	828	423	966	33	715	434	678	591	666	266	271	529	780	971	180	726	322	67	866	926	13	43	854	298	383	287	696	533	571	288	660	459	418	776	110	400	336	660	862	949	
90	91	468	986	391	738	501	605	0	246	865	556	982	921	392	462	152	930	108	696	121	560	575	971	632	475	567	985	599	770	846	664	613	151	971	53	849	505	99	75	940	779	428	940	167	707	123	518	53	710	12	594	74	186	202	633	836	140	432	144	792	58	327	935	480	212	577	588	500	823	605	316	903	521	380	877	531	524	900	725	191	949	714	711	752	484	573	856	518	817	753	909	257	429	410	552	475	151	129	226	
570	603	832	730	213	293	646	803	246	0	399	640	851	922	411	329	576	687	682	971	882	403	101	463	887	224	283	31	688	600	63	12	211	343	297	90	430	539	255	121	669	576	220	222	165	637	426	889	682	643	157	96	46	975	96	435	939	869	724	313	131	927	397	828	382	231	448	465	540	258	322	803	971	965	635	351	459	148	379	722	792	808	419	930	24	577	335	883	246	869	290	340	678	312	67	201	650	916	638	426	
972	895	913	640	997	263	975	493	865	399	0	316	546	726	547	548	514	474	957	301	480	318	181	275	808	628	491	264	682	754	654	992	473	893	799	152	401	318	435	902	767	724	60	381	582	59	466	184	135	731	254	306	832	836	216	3	752	104	170	638	938	601	660	792	720	910	593	803	714	552	362	692	408	257	673	321	716	223	41	631	995	326	604	51	581	532	845	48	10	632	183	601	400	205	949	767	675	340	844	461	
128	614	353	721	6	461	381	273	556	640	316	0	413	176	182	914	486	950	785	230	172	668	583	377	518	409	118	928	206	390	451	522	278	387	354	498	229	901	866	541	658	647	887	311	831	143	695	361	673	978	130	165	119	922	3	413	922	222	588	913	364	867	481	504	972	474	28	257	64	874	353	242	12	455	738	425	946	483	766	400	202	909	357	230	597	55	279	236	212	540	790	174	351	34	217	811	67	460	995	462	
367	513	321	707	33	272	251	842	982	851	546	413	0	346	83	955	966	873	317	933	530	606	774	89	65	257	775	402	185	517	685	218	79	887	996	948	694	102	739	538	763	563	73	264	281	995	800	744	544	634	248	152	636	603	136	729	962	117	1	345	142	736	971	996	371	233	149	270	579	730	142	388	416	181	969	291	769	802	609	465	313	479	657	59	941	600	535	279	597	783	474	19	100	213	154	853	355	562	791	412	
218	370	818	777	926	201	294	655	921	922	726	176	346	0	587	682	716	847	330	737	965	749	104	663	407	620	881	79	415	70	230	901	181	233	816	583	474	934	644	621	785	861	238	443	106	942	295	655	476	755	32	534	876	524	812	188	97	851	56	667	18	745	175	987	130	617	364	27	514	356	14	736	960	692	427	4	207	485	166	144	983	856	91	133	606	722	310	622	967	860	150	730	962	165	31	210	748	589	560	262	
439	293	375	288	922	55	298	848	392	411	547	182	83	587	0	729	459	266	205	783	850	139	92	901	807	554	358	876	190	507	421	292	357	829	320	778	185	979	549	368	88	712	329	413	839	158	382	487	173	880	388	743	135	790	652	924	893	161	376	339	165	552	239	997	503	795	808	904	961	326	892	51	724	944	745	117	958	180	276	549	105	151	518	335	19	300	579	173	712	276	919	100	485	2	754	713	607	446	22	732	
396	505	129	430	99	948	357	255	462	329	548	914	955	682	729	0	388	248	86	523	31	880	33	90	834	619	855	602	614	33	931	367	735	92	330	7	678	611	883	200	455	600	391	361	100	143	307	259	801	537	715	225	883	256	642	182	418	507	288	798	974	828	442	960	881	328	616	178	657	694	803	758	513	596	830	251	400	902	110	959	298	185	621	756	670	695	427	248	800	76	70	682	440	193	204	9	891	366	710	135	
530	292	968	897	436	780	865	497	152	576	514	486	966	716	459	388	0	263	477	88	902	93	972	78	698	602	555	57	687	646	991	969	876	930	407	885	993	363	293	418	493	484	439	545	26	259	143	604	21	26	727	89	609	529	985	95	635	554	822	409	308	605	957	882	114	718	486	920	360	627	400	571	167	794	464	432	996	619	259	849	372	225	101	263	862	759	323	171	464	16	310	608	997	608	585	574	317	769	917	843	
422	798	873	585	209	33	677	43	930	687	474	950	873	847	266	248	263	0	909	872	603	330	800	738	50	473	286	897	353	21	957	52	607	473	261	477	713	79	744	732	212	966	10	613	884	213	333	269	500	71	744	283	383	983	417	668	566	453	40	855	35	722	934	987	909	528	647	285	389	390	196	662	608	435	611	949	62	296	170	153	459	499	746	106	188	609	737	152	268	28	411	620	415	269	394	118	255	340	707	78	
415	427	508	568	197	586	452	84	108	682	957	785	317	330	205	86	477	909	0	13	694	538	983	930	910	145	8	367	807	765	37	602	592	874	654	201	313	872	975	68	261	934	383	342	849	350	589	244	692	673	888	58	839	580	549	266	855	35	551	14	57	981	753	856	989	632	608	880	222	167	831	158	625	385	170	400	828	284	456	902	849	321	507	428	234	130	201	752	215	481	632	956	542	379	117	502	739	837	478	647	
19	551	89	371	108	88	961	514	696	971	301	230	933	737	783	523	88	872	13	0	721	357	705	689	463	621	836	676	670	835	759	67	642	740	631	834	775	155	764	947	806	228	908	185	624	910	857	244	530	848	73	431	753	875	958	862	296	576	373	532	328	804	450	700	848	329	20	654	149	783	204	764	547	331	404	357	612	758	454	834	457	337	338	360	215	79	236	533	515	965	533	990	778	685	769	416	882	801	498	838	
241	712	665	884	383	339	377	855	121	882	480	172	530	965	850	31	902	603	694	721	0	301	838	779	235	839	694	671	936	149	499	834	680	256	289	280	137	867	259	101	910	689	41	204	115	19	672	101	417	569	875	257	771	966	72	655	744	417	694	628	353	129	638	910	309	72	463	506	900	188	863	95	321	26	374	107	243	843	349	812	21	836	887	553	341	137	166	986	794	426	858	565	778	936	374	739	834	921	235	922	
378	867	815	843	626	647	129	139	560	403	318	668	606	749	139	880	93	330	538	357	301	0	287	682	569	980	445	373	611	792	142	532	762	487	437	556	949	242	940	597	264	603	778	185	186	529	881	283	603	431	791	226	454	567	907	646	683	427	619	987	944	876	620	924	889	695	457	9	950	13	463	155	596	321	209	887	759	472	303	138	614	476	764	356	583	545	176	632	204	396	763	995	342	576	452	347	98	914	529	578	
536	191	767	368	3	532	438	222	575	101	181	583	774	104	92	33	972	800	983	705	838	287	0	393	384	775	875	700	942	413	364	503	409	724	956	390	112	993	15	862	24	942	984	597	222	917	470	852	706	383	458	987	610	917	56	558	940	477	76	663	177	142	391	589	422	23	754	843	797	605	82	843	308	556	300	949	299	9	587	834	148	965	864	550	694	308	410	734	170	671	174	110	722	734	848	262	190	586	571	814	
25	499	653	121	461	405	731	79	971	463	275	377	89	663	901	90	78	738	930	689	779	682	393	0	666	314	77	159	997	644	207	812	394	551	467	425	148	182	503	474	598	975	249	360	321	733	771	288	257	411	25	852	762	531	472	838	374	182	697	449	523	28	119	666	27	710	334	608	20	290	564	608	129	78	52	580	776	473	560	373	374	751	383	694	712	251	8	379	955	698	510	202	454	805	476	920	166	239	587	375	
786	946	149	192	56	567	459	716	632	887	808	518	65	407	807	834	698	50	910	463	235	569	384	666	0	138	280	497	263	849	593	244	923	217	505	728	5	417	448	493	972	753	338	60	293	960	166	955	912	886	39	208	909	764	778	498	799	248	881	310	911	301	688	585	924	691	878	713	985	179	87	97	647	661	887	228	901	157	9	953	925	515	833	32	362	219	319	285	495	925	557	266	953	941	346	546	431	77	680	283	
307	714	442	578	613	504	882	975	475	224	628	409	257	620	554	619	602	473	145	621	839	980	775	314	138	0	272	666	67	347	758	45	36	671	450	994	77	224	361	406	725	231	773	612	973	265	159	577	812	886	947	209	673	703	372	89	199	927	523	567	982	268	122	343	583	806	117	135	496	735	419	685	289	34	496	776	742	937	263	676	814	482	688	529	659	810	684	502	995	693	88	323	470	292	865	364	369	840	5	229	
106	415	521	390	24	129	140	724	567	283	491	118	775	881	358	855	555	286	8	836	694	445	875	77	280	272	0	587	254	843	546	534	772	811	989	208	667	592	830	306	389	357	238	417	256	918	460	363	116	249	820	60	258	429	213	738	238	378	602	254	262	921	547	44	491	228	981	612	999	241	943	698	967	68	422	642	76	635	939	105	61	678	396	936	879	334	593	466	719	964	567	520	879	253	82	835	799	653	462	778	
840	894	821	55	12	739	887	863	985	31	264	928	402	79	876	602	57	897	367	676	671	373	700	159	497	666	587	0	118	851	519	436	834	396	618	920	940	706	212	219	343	509	601	330	578	338	575	904	332	884	884	763	864	752	606	426	561	686	362	417	80	373	126	705	163	773	579	721	464	315	453	978	107	808	973	665	348	819	761	70	612	489	298	13	618	874	942	74	897	317	519	827	884	303	700	424	853	168	735	334	
992	390	360	586	365	602	782	725	599	688	682	206	185	415	190	614	687	353	807	670	936	611	942	997	263	67	254	118	0	369	958	135	925	752	798	958	415	356	928	118	18	585	755	463	887	948	617	980	307	718	540	295	958	171	217	10	251	357	868	40	471	15	676	794	38	703	400	526	706	715	130	214	773	136	123	557	889	71	831	439	389	729	202	961	883	916	468	886	576	158	929	588	428	473	52	335	563	408	229	556	
981	675	510	769	43	347	213	850	770	600	754	390	517	70	507	33	646	21	765	835	149	792	413	644	849	347	843	851	369	0	787	873	432	680	863	339	192	666	106	842	371	639	16	889	384	773	490	344	487	994	833	758	32	229	621	384	750	260	253	338	525	680	26	453	922	982	319	594	258	864	284	758	174	500	460	415	557	971	91	478	482	132	884	917	320	25	585	331	979	603	828	222	529	210	606	488	696	415	143	556	
306	841	204	49	666	909	154	622	846	63	654	451	685	230	421	931	991	957	37	759	499	142	364	207	593	758	546	519	958	787	0	546	206	517	955	719	470	192	314	425	475	581	591	742	630	633	420	97	722	977	75	490	298	280	347	335	906	137	881	235	412	837	138	439	660	22	512	798	901	421	387	549	653	978	755	98	182	418	843	595	815	805	943	115	579	800	258	810	48	345	713	722	931	410	580	785	177	367	846	747	
20	262	707	876	68	826	904	322	664	12	992	522	218	901	292	367	969	52	602	67	834	532	503	812	244	45	534	436	135	873	546	0	441	859	154	487	625	184	753	694	318	381	785	975	944	733	744	695	277	854	754	903	60	775	703	726	533	70	305	824	695	8	84	215	338	722	462	425	191	224	9	219	397	636	335	861	805	241	622	685	287	408	660	800	886	627	444	590	378	64	369	493	293	753	459	161	673	193	416	779	
26	62	989	179	778	793	340	721	613	211	473	278	79	181	357	735	876	607	592	642	680	762	409	394	923	36	772	834	925	432	206	441	0	367	937	820	903	843	261	908	267	470	464	664	781	875	631	127	380	383	221	471	202	227	610	245	191	107	529	610	89	356	730	375	588	154	821	658	829	215	609	641	139	763	660	62	63	368	963	260	379	389	460	426	530	366	426	269	175	650	153	586	48	901	987	724	124	230	258	635	
159	938	988	254	300	758	738	755	151	343	893	387	887	233	829	92	930	473	874	740	256	487	724	551	217	671	811	396	752	680	517	859	367	0	82	371	767	230	116	956	899	722	84	926	580	723	302	961	905	122	87	220	969	496	932	952	25	307	933	882	661	174	51	492	450	269	832	766	561	626	534	537	678	881	243	77	161	203	44	604	700	785	160	46	431	7	646	958	433	636	648	477	648	622	730	589	19	187	790	688	
6	257	817	529	94	52	367	466	971	297	799	354	996	816	320	330	407	261	654	631	289	437	956	467	505	450	989	618	798	863	955	154	937	82	0	317	805	122	211	76	958	253	645	123	645	125	36	645	743	885	163	740	441	125	364	785	309	410	460	116	60	448	543	637	723	213	258	332	536	71	896	63	775	369	822	82	784	602	427	124	35	942	490	863	927	874	547	840	703	514	673	968	735	421	436	170	317	971	194	406	
563	964	159	942	628	864	517	380	53	90	152	498	948	583	778	7	885	477	201	834	280	556	390	425	728	994	208	920	958	339	719	487	820	371	317	0	843	966	193	725	260	623	865	230	381	386	696	641	38	788	549	434	385	628	865	479	602	32	19	77	151	562	491	529	819	643	281	611	773	853	455	735	822	895	628	423	683	853	442	819	304	727	923	659	990	979	895	702	197	117	305	588	70	173	684	49	482	186	671	450	
717	260	744	627	675	942	519	615	849	430	401	229	694	474	185	678	993	713	313	775	137	949	112	148	5	77	667	940	415	192	470	625	903	767	805	843	0	631	710	944	653	669	610	32	556	267	4	947	171	560	837	28	411	479	752	126	629	553	464	869	378	345	25	670	651	973	106	813	237	49	905	446	927	488	967	134	727	965	606	778	561	870	512	880	369	307	162	333	500	910	313	646	298	787	43	91	143	57	914	521	
732	438	482	245	166	555	146	249	505	539	318	901	102	934	979	611	363	79	872	155	867	242	993	182	417	224	592	706	356	666	192	184	843	230	122	966	631	0	482	378	36	655	821	304	14	748	838	328	283	879	205	243	455	558	647	490	889	667	674	147	216	172	235	762	853	266	917	217	738	445	434	762	97	253	22	852	576	596	458	5	123	482	207	95	147	49	163	70	774	570	865	784	38	47	44	894	238	35	20	35	
767	295	721	789	992	309	943	811	99	255	435	866	739	644	549	883	293	744	975	764	259	940	15	503	448	361	830	212	928	106	314	753	261	116	211	193	710	482	0	947	63	613	370	7	367	803	205	788	692	963	899	143	731	22	945	147	326	271	341	351	393	671	750	186	239	782	832	447	614	853	735	292	921	506	394	919	109	556	146	330	422	928	403	518	986	995	490	95	502	361	391	551	704	277	381	149	12	313	16	351	
571	798	904	491	354	313	692	823	75	121	902	541	538	621	368	200	418	732	68	947	101	597	862	474	493	406	306	219	118	842	425	694	908	956	76	725	944	378	947	0	275	169	718	765	930	875	817	840	39	561	28	963	464	435	700	121	591	590	65	871	289	26	797	763	55	755	116	422	231	469	141	54	667	605	792	670	65	446	344	242	397	914	683	990	868	834	535	518	570	87	183	204	695	361	463	541	214	64	108	349	
355	195	288	256	708	443	966	814	940	669	767	658	763	785	88	455	493	212	261	806	910	264	24	598	972	725	389	343	18	371	475	318	267	899	958	260	653	36	63	275	0	358	50	695	820	956	924	868	392	672	684	6	61	943	134	278	491	513	142	371	904	700	190	460	133	97	504	780	668	93	750	613	50	458	895	656	842	223	469	803	627	622	557	92	90	117	95	925	395	111	719	465	468	667	186	687	474	933	253	164	
499	750	611	439	204	367	685	940	779	576	724	647	563	861	712	600	484	966	934	228	689	603	942	975	753	231	357	509	585	639	581	381	470	722	253	623	669	655	613	169	358	0	17	660	243	293	726	124	45	790	239	68	239	324	77	923	537	146	120	39	251	610	404	670	588	865	796	912	21	64	124	245	217	825	226	259	560	223	352	850	44	425	827	772	819	568	528	415	63	271	336	117	483	722	305	870	815	874	399	556	
348	375	870	733	781	812	660	633	428	220	60	887	73	238	329	391	439	10	383	908	41	778	984	249	338	773	238	601	755	16	591	785	464	84	645	865	610	821	370	718	50	17	0	685	897	754	135	436	456	794	522	141	113	984	894	940	842	815	293	217	79	843	234	848	59	849	903	254	296	655	151	662	821	949	701	131	431	116	613	758	548	214	457	241	316	991	182	749	416	874	345	721	504	662	420	805	127	467	166	614	
112	661	899	542	762	174	325	401	940	222	381	311	264	443	413	361	545	613	342	185	204	185	597	360	60	612	417	330	463	889	742	975	664	926	123	230	32	304	7	765	695	660	685	0	770	96	89	898	57	119	669	590	557	507	909	230	147	608	129	6	591	748	172	526	476	604	87	811	203	170	773	115	651	926	424	801	992	811	788	331	959	436	691	720	32	534	697	405	789	791	976	466	875	711	919	761	446	766	662	550	
739	72	452	350	200	252	845	732	167	165	582	831	281	106	839	100	26	884	849	624	115	186	222	321	293	973	256	578	887	384	630	944	781	580	645	381	556	14	367	930	820	243	897	770	0	641	398	998	469	294	123	110	872	915	760	489	201	158	892	518	759	27	349	176	804	499	43	960	702	207	184	311	212	469	583	128	124	458	619	325	522	745	649	177	3	203	520	262	19	615	407	352	836	652	417	146	985	397	269	719	
505	84	904	693	755	220	259	994	707	637	59	143	995	942	158	143	259	213	350	910	19	529	917	733	960	265	918	338	948	773	633	733	875	723	125	386	267	748	803	875	956	293	754	96	641	0	754	36	944	836	144	482	903	292	603	397	487	355	665	252	792	487	258	623	906	12	266	10	830	304	199	355	512	239	708	90	68	343	709	217	150	45	556	444	574	410	876	147	900	289	795	549	233	354	285	584	350	940	462	814	
516	525	883	186	467	193	533	207	123	426	466	695	800	295	382	307	143	333	589	857	672	881	470	771	166	159	460	575	617	490	420	744	631	302	36	696	4	838	205	817	924	726	135	89	398	754	0	936	774	680	529	189	687	7	443	504	438	545	15	203	860	650	108	301	186	22	803	834	853	80	399	347	377	155	205	525	380	559	524	662	306	767	902	77	554	112	111	34	758	356	566	350	496	432	946	19	76	403	798	807	
142	191	121	756	411	585	859	752	518	889	184	361	744	655	487	259	604	269	244	244	101	283	852	288	955	577	363	904	980	344	97	695	127	961	645	641	947	328	788	840	868	124	436	898	998	36	936	0	449	120	352	974	764	989	175	486	502	781	891	175	196	299	449	122	736	65	311	808	806	127	949	383	538	879	757	593	680	337	276	421	467	555	217	810	778	331	893	761	537	624	228	267	188	237	179	43	193	336	210	909	
523	742	520	9	519	116	588	635	53	682	135	673	544	476	173	801	21	500	692	530	417	603	706	257	912	812	116	332	307	487	722	277	380	905	743	38	171	283	692	39	392	45	456	57	469	944	774	449	0	534	658	581	638	400	167	829	278	118	425	484	52	205	992	593	320	829	77	864	727	548	247	334	426	242	126	116	640	253	437	537	342	342	173	821	764	563	280	11	794	958	691	847	154	22	544	337	55	76	707	768	
629	679	230	263	497	935	425	79	710	643	731	978	634	755	880	537	26	71	673	848	569	431	383	411	886	886	249	884	718	994	977	854	383	122	885	788	560	879	963	561	672	790	794	119	294	836	680	120	534	0	839	201	155	802	837	998	699	82	258	76	314	812	45	382	712	670	720	107	402	639	21	448	279	428	961	110	59	328	336	127	588	156	25	759	748	15	611	617	743	848	784	655	950	274	881	950	970	999	243	713	
180	528	481	186	236	19	865	137	12	157	254	130	248	32	388	715	727	744	888	73	875	791	458	25	39	947	820	884	540	833	75	754	221	87	163	549	837	205	899	28	684	239	522	669	123	144	529	352	658	839	0	220	72	304	588	149	700	784	260	889	7	570	270	746	524	366	550	234	311	789	401	929	588	187	44	64	260	411	630	996	625	915	123	927	231	610	59	684	6	480	330	122	765	701	313	251	474	412	502	21	
852	415	36	631	675	200	838	843	594	96	306	165	152	534	743	225	89	283	58	431	257	226	987	852	208	209	60	763	295	758	490	903	471	220	740	434	28	243	143	963	6	68	141	590	110	482	189	974	581	201	220	0	887	801	175	48	351	977	669	113	825	585	918	190	235	98	683	915	292	139	523	85	867	448	775	45	91	993	977	368	779	102	607	788	665	313	444	781	592	212	16	289	50	590	526	608	159	464	799	384	
940	3	400	473	163	986	502	257	74	46	832	119	636	876	135	883	609	383	839	753	771	454	610	762	909	673	258	864	958	32	298	60	202	969	441	385	411	455	731	464	61	239	113	557	872	903	687	764	638	155	72	887	0	917	484	94	208	674	168	115	524	961	479	196	640	322	841	457	953	589	381	926	392	943	260	175	520	806	999	383	890	130	995	249	734	333	932	98	29	996	664	775	853	606	814	427	573	461	655	476	
524	131	498	906	638	76	670	457	186	975	836	922	603	524	790	256	529	983	580	875	966	567	917	531	764	703	429	752	171	229	280	775	227	496	125	628	479	558	22	435	943	324	984	507	915	292	7	989	400	802	304	801	917	0	898	394	291	791	265	374	31	64	773	758	318	631	795	294	685	639	100	786	467	81	108	273	505	169	833	587	118	503	949	124	111	456	47	73	189	190	671	795	287	437	449	290	746	631	972	435	
578	694	91	272	6	360	518	260	202	96	216	3	136	812	652	642	985	417	549	958	72	907	56	472	778	372	213	606	217	621	347	703	610	932	364	865	752	647	945	700	134	77	894	909	760	603	443	175	167	837	588	175	484	898	0	677	875	124	549	466	266	892	888	802	618	768	183	672	6	745	416	785	717	258	178	450	722	236	526	259	877	221	345	179	424	421	976	52	228	716	149	768	860	950	562	516	506	929	467	683	
90	67	362	930	458	520	516	378	633	435	3	413	729	188	924	182	95	668	266	862	655	646	558	838	498	89	738	426	10	384	335	726	245	952	785	479	126	490	147	121	278	923	940	230	489	397	504	486	829	998	149	48	94	394	677	0	738	753	617	638	716	426	748	611	973	470	760	100	336	726	659	138	800	494	750	809	570	453	139	373	825	202	190	381	282	94	534	55	945	653	878	101	971	182	79	671	438	470	97	897	
717	349	268	333	621	430	196	151	836	939	752	922	962	97	893	418	635	566	855	296	744	683	940	374	799	199	238	561	251	750	906	533	191	25	309	602	629	889	326	591	491	537	842	147	201	487	438	502	278	699	700	351	208	291	875	738	0	294	647	921	142	233	199	765	652	837	254	862	978	496	456	845	679	760	309	273	621	861	13	224	223	68	127	796	486	365	219	8	354	599	631	683	335	178	360	596	902	29	937	687	
719	468	931	650	464	24	535	323	140	869	104	222	117	851	161	507	554	453	35	576	417	427	477	182	248	927	378	686	357	260	137	70	107	307	410	32	553	667	271	590	513	146	815	608	158	355	545	781	118	82	784	977	674	791	124	753	294	0	669	729	872	470	770	358	591	828	604	396	448	390	594	725	365	11	913	682	55	677	255	467	525	216	557	538	992	67	421	50	892	469	769	596	730	650	556	18	155	598	460	680	
521	240	436	540	806	505	149	946	432	724	170	588	1	56	376	288	822	40	551	373	694	619	76	697	881	523	602	362	868	253	881	305	529	933	460	19	464	674	341	65	142	120	293	129	892	665	15	891	425	258	260	669	168	265	549	617	647	669	0	535	217	584	728	736	859	198	837	968	626	625	642	986	49	345	667	392	571	387	564	177	625	755	81	661	377	487	54	795	544	806	56	130	952	640	155	119	501	288	422	768	
924	542	390	199	205	251	353	217	144	313	638	913	345	667	339	798	409	855	14	532	628	987	663	449	310	567	254	417	40	338	235	824	610	882	116	77	869	147	351	871	371	39	217	6	518	252	203	175	484	76	889	113	115	374	466	638	921	729	535	0	316	335	236	870	38	395	900	280	212	984	371	421	827	269	920	954	50	90	145	734	113	185	620	281	484	755	992	292	656	820	13	917	318	802	193	305	758	97	789	728	
794	369	572	164	619	967	251	828	792	131	938	364	142	18	165	974	308	35	57	328	353	944	177	523	911	982	262	80	471	525	412	695	89	661	60	151	378	216	393	289	904	251	79	591	759	792	860	196	52	314	7	825	524	31	266	716	142	872	217	316	0	429	11	567	155	538	878	297	481	941	670	498	699	546	301	844	852	877	232	518	373	997	60	170	232	606	984	289	619	113	5	566	927	607	44	153	482	479	382	613	
26	227	735	404	33	696	928	423	58	927	601	867	736	745	552	828	605	722	981	804	129	876	142	28	301	268	921	373	15	680	837	8	356	174	448	562	345	172	671	26	700	610	843	748	27	487	650	299	205	812	570	585	961	64	892	426	233	470	584	335	429	0	2	268	610	691	923	874	322	488	826	298	919	613	915	292	503	133	880	868	924	901	947	728	366	447	423	769	435	119	705	393	206	714	628	348	838	899	374	850	
663	40	680	695	454	130	776	966	327	397	660	481	971	175	239	442	957	934	753	450	638	620	391	119	688	122	547	126	676	26	138	84	730	51	543	491	25	235	750	797	190	404	234	172	349	258	108	449	992	45	270	918	479	773	888	748	199	770	728	236	11	2	0	577	992	845	627	977	221	974	796	573	359	919	593	435	699	91	555	357	864	414	812	921	130	634	49	237	433	825	912	59	826	755	321	89	476	131	314	109	
199	607	251	622	308	925	165	33	935	828	792	504	996	987	997	960	882	987	856	700	910	924	589	666	585	343	44	705	794	453	439	215	375	492	637	529	670	762	186	763	460	670	848	526	176	623	301	122	593	382	746	190	196	758	802	611	765	358	736	870	567	268	577	0	885	109	21	319	518	523	981	415	493	657	497	312	929	917	344	941	147	811	6	756	283	479	862	592	80	276	320	275	348	29	284	867	752	618	40	556	
527	85	126	791	37	71	796	715	480	382	720	972	371	130	503	881	114	909	989	848	309	889	422	27	924	583	491	163	38	922	660	338	588	450	723	819	651	853	239	55	133	588	59	476	804	906	186	736	320	712	524	235	640	318	618	973	652	591	859	38	155	610	992	885	0	268	453	639	535	153	686	555	33	738	836	772	87	192	284	313	737	526	527	206	765	333	879	511	781	393	770	572	811	27	763	181	188	175	661	512	
654	287	248	759	36	240	29	434	212	231	910	474	233	617	795	328	718	528	632	329	72	695	23	710	691	806	228	773	703	982	22	722	154	269	213	643	973	266	782	755	97	865	849	604	499	12	22	65	829	670	366	98	322	631	768	470	837	828	198	395	538	691	845	109	268	0	315	617	25	216	712	372	962	753	424	427	71	578	390	572	329	897	986	553	477	973	882	681	404	80	46	287	81	795	120	561	611	487	283	955	
19	704	112	986	253	840	919	678	577	448	593	28	149	364	808	616	486	647	608	20	463	457	754	334	878	117	981	579	400	319	512	462	821	832	258	281	106	917	832	116	504	796	903	87	43	266	803	311	77	720	550	683	841	795	183	760	254	604	837	900	878	923	627	21	453	315	0	724	993	4	53	441	46	631	307	459	664	11	883	60	759	672	844	790	883	79	661	169	424	523	636	612	27	647	192	726	861	280	769	333	
780	531	42	30	678	940	749	591	588	465	803	257	270	27	904	178	920	285	880	654	506	9	843	608	713	135	612	721	526	594	798	425	658	766	332	611	813	217	447	422	780	912	254	811	960	10	834	808	864	107	234	915	457	294	672	100	862	396	968	280	297	874	977	319	639	617	724	0	422	725	294	767	516	396	887	703	691	894	533	322	23	622	143	970	672	38	838	354	325	738	314	596	741	761	54	248	801	994	794	141	
807	212	814	467	24	137	347	666	500	540	714	64	579	514	961	657	360	389	222	149	900	950	797	20	985	496	999	464	706	258	901	191	829	561	536	773	237	738	614	231	668	21	296	203	702	830	853	806	727	402	311	292	953	685	6	336	978	448	626	212	481	322	221	518	535	25	993	422	0	62	387	520	325	274	256	825	564	108	729	649	529	793	108	680	673	261	582	858	671	679	964	394	544	896	383	810	303	116	119	830	
857	648	208	115	33	239	880	266	823	258	552	874	730	356	326	694	627	390	167	783	188	13	605	290	179	735	241	315	715	864	421	224	215	626	71	853	49	445	853	469	93	64	655	170	207	304	80	127	548	639	789	139	589	639	745	726	496	390	625	984	941	488	974	523	153	216	4	725	62	0	172	498	895	138	619	1	521	840	306	315	667	503	986	119	19	824	58	897	231	355	416	253	552	10	474	404	592	644	604	558	
506	637	18	663	894	758	535	271	605	322	362	353	142	14	892	803	400	196	831	204	863	463	82	564	87	419	943	453	130	284	387	9	609	534	896	455	905	434	735	141	750	124	151	773	184	199	399	949	247	21	401	523	381	100	416	659	456	594	642	371	670	826	796	981	686	712	53	294	387	172	0	433	509	954	337	384	467	737	784	818	252	161	272	485	350	885	151	250	240	22	85	202	639	237	224	935	899	832	274	164	
187	431	542	681	867	110	284	529	316	803	692	242	388	736	51	758	571	662	158	764	95	155	843	608	97	685	698	978	214	758	549	219	641	537	63	735	446	762	292	54	613	245	662	115	311	355	347	383	334	448	929	85	926	786	785	138	845	725	986	421	498	298	573	415	555	372	441	767	520	498	433	0	884	55	982	487	295	519	747	382	885	654	656	312	213	864	497	958	896	234	985	545	190	197	817	101	312	437	175	15	
482	578	309	694	146	321	394	780	903	971	408	12	416	960	724	513	167	608	625	547	321	596	308	129	647	289	967	107	773	174	653	397	139	678	775	822	927	97	921	667	50	217	821	651	212	512	377	538	426	279	588	867	392	467	717	800	679	365	49	827	699	919	359	493	33	962	46	516	325	895	509	884	0	630	643	466	339	378	71	421	914	20	866	82	345	375	3	521	253	707	888	697	486	596	464	822	193	540	487	644	
156	425	939	835	396	41	626	971	521	965	257	455	181	692	944	596	794	435	385	331	26	321	556	78	661	34	68	808	136	500	978	636	763	881	369	895	488	253	506	605	458	825	949	926	469	239	155	879	242	428	187	448	943	81	258	494	760	11	345	269	546	613	919	657	738	753	631	396	274	138	954	55	630	0	3	349	673	331	850	601	594	35	214	886	30	778	425	812	268	556	194	208	464	154	432	550	978	438	933	818	
68	772	705	103	124	825	940	180	380	635	673	738	969	427	745	830	464	611	170	404	374	209	300	52	887	496	422	973	123	460	755	335	660	243	822	628	967	22	394	792	895	226	701	424	583	708	205	757	126	961	44	775	260	108	178	750	309	913	667	920	301	915	593	497	836	424	307	887	256	619	337	982	643	3	0	361	37	489	216	995	374	137	710	953	323	967	814	415	990	116	920	890	366	204	399	197	105	241	570	373	
554	440	926	147	987	256	20	726	877	351	321	425	291	4	117	251	432	949	400	357	107	887	949	580	228	776	642	665	557	415	98	861	62	77	82	423	134	852	919	670	656	259	131	801	128	90	525	593	116	110	64	45	175	273	450	809	273	682	392	954	844	292	435	312	772	427	459	703	825	1	384	487	466	349	361	0	508	186	158	308	8	556	915	523	647	113	748	99	377	433	875	941	656	511	332	568	898	534	672	196	
134	504	37	112	383	397	655	322	531	459	716	946	769	207	958	400	996	62	828	612	243	759	299	776	901	742	76	348	889	557	182	805	63	161	784	683	727	576	109	65	842	560	431	992	124	68	380	680	640	59	260	91	520	505	722	570	621	55	571	50	852	503	699	929	87	71	664	691	564	521	467	295	339	673	37	508	0	672	587	109	629	226	260	628	186	942	161	780	94	489	74	453	975	76	218	495	909	506	978	700	
405	804	869	767	349	692	415	67	524	148	223	483	802	485	180	902	619	296	284	758	843	472	9	473	157	937	635	819	71	971	418	241	368	203	602	853	965	596	556	446	223	223	116	811	458	343	559	337	253	328	411	993	806	169	236	453	861	677	387	90	877	133	91	917	192	578	11	894	108	840	737	519	378	331	489	186	672	0	117	10	169	587	255	120	651	318	916	57	151	102	580	903	421	766	479	689	551	726	58	982	
18	940	800	621	108	739	368	866	900	379	41	766	609	166	276	110	259	170	456	454	349	303	587	560	9	263	939	761	831	91	843	622	963	44	427	442	606	458	146	344	469	352	613	788	619	709	524	276	437	336	630	977	999	833	526	139	13	255	564	145	232	880	555	344	284	390	883	533	729	306	784	747	71	850	216	158	587	117	0	904	449	861	619	339	417	506	876	789	561	616	704	637	306	178	736	811	482	834	520	783	
125	798	419	579	493	316	639	926	725	722	631	400	465	144	549	959	849	153	902	834	812	138	834	373	953	676	105	70	439	478	595	685	260	604	124	819	778	5	330	242	803	850	758	331	325	217	662	421	537	127	996	368	383	587	259	373	224	467	177	734	518	868	357	941	313	572	60	322	649	315	818	382	421	601	995	308	109	10	904	0	835	497	143	587	816	643	156	628	445	350	850	316	135	140	981	252	770	242	157	113	
356	315	67	276	604	603	235	13	191	792	995	202	313	983	105	298	372	459	849	457	21	614	148	374	925	814	61	612	389	482	815	287	379	700	35	304	561	123	422	397	627	44	548	959	522	150	306	467	342	588	625	779	890	118	877	825	223	525	625	113	373	924	864	147	737	329	759	23	529	667	252	885	914	594	374	8	629	169	449	835	0	746	928	466	460	587	241	153	822	5	157	470	451	666	102	282	87	58	495	624	
678	690	996	606	467	15	437	43	949	808	326	909	479	856	151	185	225	499	321	337	836	476	965	751	515	482	678	489	729	132	805	408	389	785	942	727	870	482	928	914	622	425	214	436	745	45	767	555	342	156	915	102	130	503	221	202	68	216	755	185	997	901	414	811	526	897	672	622	793	503	161	654	20	35	137	556	226	587	861	497	746	0	438	914	932	242	352	192	197	809	581	946	205	45	286	63	891	898	493	589	
731	748	645	500	699	37	149	854	714	419	604	357	657	91	518	621	101	746	507	338	887	764	864	383	833	688	396	298	202	884	943	660	460	160	490	923	512	207	403	683	557	827	457	691	649	556	902	217	173	25	123	607	995	949	345	190	127	557	81	620	60	947	812	6	527	986	844	143	108	986	272	656	866	214	710	915	260	255	619	143	928	438	0	622	267	117	173	910	723	668	485	849	610	871	524	971	548	111	475	194	
552	454	146	581	2	586	43	298	711	930	51	230	59	133	335	756	263	106	428	360	553	356	550	694	32	529	936	13	961	917	115	800	426	46	863	659	880	95	518	990	92	772	241	720	177	444	77	810	821	759	927	788	249	124	179	381	796	538	661	281	170	728	921	756	206	553	790	970	680	119	485	312	82	886	953	523	628	120	339	587	466	914	622	0	337	908	282	1	320	959	865	986	493	412	1000	770	773	368	72	768	
207	160	670	662	90	555	620	383	752	24	581	597	941	606	19	670	862	188	234	215	341	583	694	712	362	659	879	618	883	320	579	886	530	431	927	990	369	147	986	868	90	819	316	32	3	574	554	778	764	748	231	665	734	111	424	282	486	992	377	484	232	366	130	283	765	477	883	672	673	19	350	213	345	30	323	647	186	651	417	816	460	932	267	337	0	536	359	492	237	502	489	546	163	740	357	159	823	489	319	306	
158	618	518	530	226	816	926	287	484	577	532	55	600	722	300	695	759	609	130	79	137	545	308	251	219	810	334	874	916	25	800	627	366	7	874	979	307	49	995	834	117	568	991	534	203	410	112	331	563	15	610	313	333	456	421	94	365	67	487	755	606	447	634	479	333	973	79	38	261	824	885	864	375	778	967	113	942	318	506	643	587	242	117	908	536	0	337	333	342	287	406	210	633	351	379	709	988	725	108	742	
816	430	196	93	682	184	831	696	573	335	845	279	535	310	579	427	323	737	201	236	166	176	410	8	319	684	593	942	468	585	258	444	426	646	547	895	162	163	490	535	95	528	182	697	520	876	111	893	280	611	59	444	932	47	976	534	219	421	54	992	984	423	49	862	879	882	661	838	582	58	151	497	3	425	814	748	161	916	876	156	241	352	173	282	359	337	0	797	396	326	365	604	448	938	904	282	939	275	11	121	
283	687	284	887	379	634	685	533	856	883	48	236	279	622	173	248	171	152	752	533	986	632	734	379	285	502	466	74	886	331	810	590	269	958	840	702	333	70	95	518	925	415	749	405	262	147	34	761	11	617	684	781	98	73	52	55	8	50	795	292	289	769	237	592	511	681	169	354	858	897	250	958	521	812	415	99	780	57	789	628	153	192	910	1	492	333	797	0	657	227	951	276	413	992	918	480	765	853	510	860	
897	35	488	39	581	662	589	571	518	246	10	212	597	967	712	800	464	268	215	515	794	204	170	955	495	995	719	897	576	979	48	378	175	433	703	197	500	774	502	570	395	63	416	789	19	900	758	537	794	743	6	592	29	189	228	945	354	892	544	656	619	435	433	80	781	404	424	325	671	231	240	896	253	268	990	377	94	151	561	445	822	197	723	320	237	342	396	657	0	524	446	228	669	159	643	627	501	218	449	29	
631	994	837	860	175	653	495	288	817	869	632	540	783	860	276	76	16	28	481	965	426	396	671	698	925	693	964	317	158	603	345	64	650	636	514	117	910	570	361	87	111	271	874	791	615	289	356	624	958	848	480	212	996	190	716	653	599	469	806	820	113	119	825	276	393	80	523	738	679	355	22	234	707	556	116	433	489	102	616	350	5	809	668	959	502	287	326	227	524	0	605	979	165	664	728	814	851	853	434	163	
372	732	256	779	415	373	334	660	753	290	183	790	474	150	919	70	310	411	632	533	858	763	174	510	557	88	567	519	929	828	713	369	153	648	673	305	313	865	391	183	719	336	345	976	407	795	566	228	691	784	330	16	664	671	149	878	631	769	56	13	5	705	912	320	770	46	636	314	964	416	85	985	888	194	920	875	74	580	704	850	157	581	485	865	489	406	365	951	446	605	0	942	77	280	406	65	109	234	262	669	
981	471	532	707	928	752	541	459	909	340	601	174	19	730	100	682	608	620	956	990	565	995	110	202	266	323	520	827	588	222	722	493	586	477	968	588	646	784	551	204	465	117	721	466	352	549	350	267	847	655	122	289	775	795	768	101	683	596	130	917	566	393	59	275	572	287	612	596	394	253	202	545	697	208	890	941	453	903	637	316	470	946	849	986	546	210	604	276	228	979	942	0	428	975	568	756	307	807	204	461	
319	824	523	911	494	583	884	418	257	678	400	351	100	962	485	440	997	415	542	778	778	342	722	454	953	470	879	884	428	529	931	293	48	648	735	70	298	38	704	695	468	483	504	875	836	233	496	188	154	950	765	50	853	287	860	971	335	730	952	318	927	206	826	348	811	81	27	741	544	552	639	190	486	464	366	656	975	421	306	135	451	205	610	493	163	633	448	413	669	165	77	428	0	892	815	560	793	517	809	699	
216	764	466	753	377	806	240	776	429	312	205	34	213	165	2	193	608	269	379	685	936	576	734	805	941	292	253	303	473	210	410	753	901	622	421	173	787	47	277	361	667	722	662	711	652	354	432	237	22	274	701	590	606	437	950	182	178	650	640	802	607	714	755	29	27	795	647	761	896	10	237	197	596	154	204	511	76	766	178	140	666	45	871	412	740	351	938	992	159	664	280	975	892	0	654	463	50	693	57	650	
96	425	705	307	518	83	347	110	410	67	949	217	154	31	754	204	585	394	117	769	374	452	848	476	346	865	82	700	52	606	580	459	987	730	436	684	43	44	381	463	186	305	420	919	417	285	946	179	544	881	313	526	814	449	562	79	360	556	155	193	44	628	321	284	763	120	192	54	383	474	224	817	464	432	399	332	218	479	736	981	102	286	524	1000	357	379	904	918	643	728	406	568	815	654	0	496	502	849	652	635	
828	959	89	917	106	241	371	400	552	201	767	811	853	210	713	9	574	118	502	416	739	347	262	920	546	364	835	424	335	488	785	161	724	589	170	49	91	894	149	541	687	870	805	761	146	584	19	43	337	950	251	608	427	290	516	671	596	18	119	305	153	348	89	867	181	561	726	248	810	404	935	101	822	550	197	568	495	689	811	252	282	63	971	770	159	709	282	480	627	814	65	756	560	463	496	0	956	962	642	50	
710	457	13	426	181	840	501	336	475	650	675	67	355	748	607	891	317	255	739	882	834	98	190	166	431	369	799	853	563	696	177	673	124	19	317	482	143	238	12	214	474	815	127	446	985	350	76	193	55	970	474	159	573	746	506	438	902	155	501	758	482	838	476	752	188	611	861	801	303	592	899	312	193	978	105	898	909	551	482	770	87	891	548	773	823	988	939	765	501	851	109	307	793	50	502	956	0	1000	304	813	
19	947	57	37	435	281	396	660	151	916	340	460	562	589	446	366	769	340	837	801	921	914	586	239	77	840	653	168	408	415	367	193	230	187	971	186	57	35	313	64	933	874	467	766	397	940	403	336	76	999	412	464	461	631	929	470	29	598	288	97	479	899	131	618	175	487	280	994	116	644	832	437	540	438	241	534	506	726	834	242	58	898	111	368	489	725	275	853	218	853	234	807	517	693	849	962	1000	0	90	803	
982	212	739	141	143	394	768	862	129	638	844	995	791	560	22	710	917	707	478	498	235	529	571	587	680	5	462	735	229	143	846	416	258	790	194	671	914	20	16	108	253	399	166	662	269	462	798	210	707	243	502	799	655	972	467	97	937	460	422	789	382	374	314	40	661	283	769	794	119	604	274	175	487	933	570	672	978	58	520	157	495	493	475	72	319	108	11	510	449	434	262	204	809	57	652	642	304	90	0	844	
700	12	453	509	355	846	272	949	226	426	461	462	412	262	732	135	843	78	647	838	922	578	814	375	283	229	778	334	556	556	747	779	635	688	406	450	521	35	351	349	164	556	614	550	719	814	807	909	768	713	21	384	476	435	683	897	687	680	768	728	613	850	109	556	512	955	333	141	830	558	164	15	644	818	373	196	700	982	783	113	624	589	194	768	306	742	121	860	29	163	669	461	699	650	635	50	813	803	844	0	
