10
0	1	2	3	4	1	1.41421	2.23607	3.16228	4.12311	
1	0	1	2	3	1.41421	1	1.41421	2.23607	3.16228	
2	1	0	1	2	2.23607	1.41421	1	1.41421	2.23607	
3	2	1	0	1	3.16228	2.23607	1.41421	1	1.41421	
4	3	2	1	0	4.12311	3.16228	2.23607	1.41421	1	
1	1.41421	2.23607	3.16228	4.12311	0	1	2	3	4	
1.41421	1	1.41421	2.23607	3.16228	1	0	1	2	3	
2.23607	1.41421	1	1.41421	2.23607	2	1	0	1	2	
3.16228	2.23607	1.41421	1	1.41421	3	2	1	0	1	
4.12311	3.16228	2.23607	1.41421	1	4	3	2	1	0	
