150
0	113	415	713	529	306	472	534	253	292	163	836	50	76	129	862	388	51	474	250	24	383	603	244	10	648	847	676	997	986	27	365	363	838	558	528	767	598	761	241	257	393	996	215	171	931	433	954	626	657	780	616	719	900	531	489	30	340	987	732	430	782	475	657	178	185	765	48	968	621	490	122	88	421	677	527	503	111	939	447	565	2	282	621	595	887	927	921	785	867	964	317	159	908	290	186	434	913	107	483	466	399	84	794	322	449	648	570	303	360	304	798	868	588	282	312	397	305	872	956	451	430	67	989	536	962	167	56	779	343	584	256	950	59	277	474	966	573	581	826	19	597	263	525	401	15	246	721	757	522	
113	0	989	145	404	788	279	222	569	416	346	971	293	50	893	7	692	442	887	744	301	912	770	758	218	615	97	213	530	140	565	328	891	241	750	34	59	421	512	934	849	383	916	699	864	171	889	56	620	188	738	718	575	610	977	813	518	613	628	815	592	539	328	597	135	879	635	606	802	371	143	567	89	151	203	840	347	562	356	707	13	183	500	642	308	604	889	121	493	968	226	882	962	651	782	904	712	491	205	606	983	700	402	704	890	647	386	362	567	870	310	480	504	422	623	62	756	550	891	25	768	391	874	261	450	869	639	913	967	774	331	376	763	728	756	449	201	439	182	529	620	535	624	111	382	767	635	888	142	199	
415	989	0	990	317	87	307	29	402	670	377	3	664	596	527	430	397	966	800	362	586	97	505	857	741	338	22	633	16	285	27	70	98	963	256	426	541	618	12	762	352	672	381	675	949	647	31	461	909	224	52	6	347	769	458	986	158	288	283	602	595	669	881	82	35	451	752	599	921	576	441	153	222	774	652	150	312	56	669	696	289	368	643	935	716	528	325	225	613	776	829	489	465	952	186	830	571	38	976	838	897	602	171	899	726	800	676	548	906	646	699	719	511	735	453	326	589	271	768	471	464	376	661	648	920	596	901	555	714	732	472	166	357	920	721	935	175	312	734	758	705	59	86	659	312	165	228	513	382	318	
713	145	990	0	859	3	673	865	106	895	777	186	931	40	304	436	575	768	941	874	716	277	177	68	897	755	62	589	904	723	101	234	661	67	655	805	543	341	798	59	213	204	997	962	283	381	245	632	645	755	433	928	955	21	476	638	493	747	82	653	865	895	581	486	243	409	721	524	940	86	465	206	822	249	291	516	910	218	41	998	67	703	906	666	111	40	345	20	108	871	316	250	392	704	287	504	484	197	106	850	577	917	897	593	796	862	50	24	404	504	260	951	249	812	342	559	263	749	190	255	116	190	299	270	710	292	589	74	456	14	787	816	87	290	917	13	792	569	188	317	692	734	606	411	86	515	943	896	668	645	
529	404	317	859	0	484	118	453	160	481	719	291	278	990	250	184	836	189	39	813	438	647	690	953	828	992	349	951	484	312	801	803	403	891	621	454	534	531	819	8	238	829	726	174	891	986	289	20	104	718	252	668	207	574	888	216	254	37	654	924	107	976	282	112	228	284	798	620	2	4	140	996	735	223	771	111	141	512	255	571	185	464	82	43	224	18	839	308	160	581	425	300	266	800	983	515	207	504	842	647	945	101	66	123	195	526	222	959	115	266	875	702	607	34	736	667	422	363	47	446	553	559	669	406	705	510	302	775	947	313	291	814	569	392	317	650	322	820	263	750	910	311	687	604	594	411	77	444	747	129	
306	788	87	3	484	0	983	869	833	195	820	443	945	740	375	442	288	990	31	114	628	811	885	99	749	632	37	387	237	544	193	190	531	637	322	685	526	596	624	146	864	321	124	19	817	184	308	325	694	495	607	178	722	592	962	478	267	707	202	951	584	691	866	163	266	127	271	343	96	948	146	565	671	593	254	685	697	836	243	255	326	771	147	511	689	798	11	891	669	235	604	393	215	81	218	252	805	817	916	241	335	433	301	437	205	276	698	97	810	823	526	625	807	980	667	561	219	92	1	393	602	161	443	610	475	106	728	209	318	555	528	148	973	364	737	867	115	152	832	553	619	337	3	314	922	193	766	879	775	972	
472	279	307	673	118	983	0	100	368	410	573	273	66	787	759	846	41	436	709	573	703	746	419	445	982	975	222	152	522	436	169	27	459	846	234	701	426	670	533	516	689	133	848	765	704	351	862	290	549	720	559	329	419	468	111	314	935	523	166	273	119	118	177	917	755	219	144	80	337	455	935	657	20	740	272	942	340	912	840	285	324	120	601	965	520	501	249	272	901	191	881	396	94	831	48	499	155	377	409	631	853	66	938	434	280	126	582	253	896	293	414	255	447	54	83	769	101	285	544	751	545	570	245	145	607	58	606	867	403	817	966	434	157	911	902	32	950	347	35	194	769	862	439	664	21	98	398	380	362	34	
534	222	29	865	453	869	100	0	467	151	858	715	820	960	459	284	972	318	498	194	735	689	74	15	715	603	229	692	30	917	698	532	66	175	711	291	224	328	217	278	396	607	322	613	917	937	626	847	328	652	465	628	317	251	763	945	938	267	878	304	718	693	824	294	49	726	669	65	386	491	447	625	234	529	438	869	759	755	187	394	995	405	351	168	830	25	633	46	121	184	448	791	701	148	702	916	507	219	838	548	693	870	711	921	788	59	272	325	556	983	399	581	589	384	997	485	540	107	428	740	489	713	444	994	562	24	58	15	88	831	418	29	935	585	375	632	628	542	608	749	731	542	925	681	95	367	962	19	693	409	
253	569	402	106	160	833	368	467	0	531	997	563	256	466	71	796	418	956	445	807	706	402	259	586	876	143	765	457	361	789	67	924	237	534	205	327	864	671	835	523	730	271	97	925	643	369	721	653	850	405	681	514	723	806	150	333	334	664	873	43	870	184	137	455	231	705	513	399	892	964	156	941	224	79	862	529	515	497	261	596	119	821	200	656	36	133	310	847	208	458	51	754	691	417	510	396	803	255	278	557	971	544	206	610	929	332	198	925	944	756	941	1	987	723	332	978	763	216	972	250	795	684	475	790	649	135	435	267	352	943	947	347	588	604	66	340	238	509	17	195	273	303	704	764	492	808	412	358	529	607	
292	416	670	895	481	195	410	151	531	0	136	109	580	910	97	183	72	10	782	268	399	403	512	447	969	823	815	458	663	267	845	321	352	325	655	694	867	180	624	741	694	185	656	208	638	650	718	566	328	275	889	583	816	440	814	67	144	746	389	740	836	134	220	817	995	564	128	349	160	813	697	135	353	318	854	547	624	981	377	865	449	114	788	380	363	968	468	782	42	332	724	642	740	581	989	330	755	716	85	202	74	94	366	917	876	399	209	342	385	930	498	145	506	38	670	276	151	843	402	1000	399	638	613	140	16	417	81	36	456	574	182	245	131	581	520	525	829	844	666	257	50	695	978	767	76	584	887	797	414	792	
163	346	377	777	719	820	573	858	997	136	0	856	729	919	975	847	354	888	929	431	15	657	650	1	151	505	171	981	768	285	92	559	940	707	44	96	457	935	544	255	992	502	720	847	273	809	912	379	156	932	206	823	643	888	15	56	38	493	239	727	983	356	144	690	720	492	226	372	9	131	733	519	358	888	867	238	304	15	577	783	867	148	583	585	360	947	230	323	12	743	729	742	409	818	720	483	139	429	593	407	813	448	223	582	837	396	184	902	326	215	817	406	789	352	965	822	742	603	414	400	623	23	299	320	813	254	330	129	494	661	904	880	327	637	647	276	591	505	263	558	675	594	577	213	907	247	199	253	429	128	
836	971	3	186	291	443	273	715	563	109	856	0	944	353	641	988	707	303	101	450	513	908	994	685	328	711	374	260	893	130	763	513	570	702	519	71	984	102	422	658	6	607	894	530	219	942	281	344	889	378	472	460	595	332	829	654	904	205	842	771	872	599	640	602	742	142	627	304	31	432	748	761	282	154	671	552	664	781	511	753	190	242	494	541	161	74	641	301	81	673	450	971	521	67	568	845	525	999	597	451	661	723	519	620	562	248	201	979	959	24	210	696	290	902	263	756	818	269	52	717	250	971	520	323	799	78	266	898	375	936	327	177	379	655	582	882	255	553	453	28	343	142	476	773	348	678	546	835	199	677	
50	293	664	931	278	945	66	820	256	580	729	944	0	368	413	140	35	203	565	923	641	974	305	84	929	615	346	713	605	232	853	712	275	225	417	312	144	156	703	860	970	642	312	191	290	876	716	655	346	251	935	436	923	844	729	155	499	559	94	446	413	983	419	622	400	687	138	620	357	778	328	500	187	676	693	243	725	311	843	106	463	713	642	67	253	780	188	428	13	85	293	386	541	794	893	152	528	70	153	808	645	86	606	113	584	145	216	826	598	627	130	910	955	3	398	408	190	134	584	920	311	723	86	903	919	377	867	39	265	973	924	215	496	273	618	118	426	377	626	365	147	991	497	194	236	138	419	770	686	474	
76	50	596	40	990	740	787	960	466	910	919	353	368	0	638	823	618	832	282	82	402	588	357	731	765	294	884	895	559	513	796	177	823	996	866	916	78	787	287	191	501	662	889	258	853	281	262	664	164	604	34	806	239	803	498	779	795	528	737	232	945	431	692	522	434	763	458	718	718	79	430	308	251	256	495	999	804	89	951	684	264	830	155	513	909	78	779	912	364	771	155	99	694	867	745	562	688	500	584	571	163	683	204	58	304	430	430	378	738	811	19	226	771	368	736	363	52	221	808	497	327	415	82	160	775	110	748	881	867	97	701	301	598	864	546	665	19	530	855	802	623	344	736	811	87	441	832	77	236	416	
129	893	527	304	250	375	759	459	71	97	975	641	413	638	0	545	775	316	756	197	102	315	430	846	398	26	576	769	753	206	796	976	456	836	962	431	8	52	566	191	831	691	801	306	631	422	671	606	697	275	618	614	870	906	781	68	514	533	259	484	34	564	944	901	399	204	736	329	916	312	807	824	853	840	873	687	24	337	835	423	784	461	657	787	199	533	865	337	964	300	64	509	806	174	452	83	408	185	458	452	541	619	609	962	85	868	71	543	281	797	578	83	35	441	433	837	82	643	68	620	893	88	513	13	221	7	913	168	496	86	570	903	387	886	198	591	376	425	716	410	217	619	718	27	19	328	266	387	302	76	
862	7	430	436	184	442	846	284	796	183	847	988	140	823	545	0	989	844	620	897	653	205	456	188	365	389	90	824	807	363	752	648	781	973	214	399	192	327	905	474	285	583	784	776	845	103	900	137	443	450	570	573	204	187	247	238	370	634	555	561	809	944	953	209	550	565	262	61	948	72	672	802	529	895	713	524	688	79	708	57	696	606	111	742	414	407	49	678	630	607	598	72	976	494	801	729	377	639	825	459	566	923	407	668	448	530	599	81	917	452	813	460	995	760	250	643	131	979	879	420	371	203	97	910	380	132	662	65	349	891	78	185	928	897	254	63	420	642	409	41	714	790	96	202	36	248	100	989	267	53	
388	692	397	575	836	288	41	972	418	72	354	707	35	618	775	989	0	544	534	960	367	572	402	853	483	160	536	772	600	374	376	512	746	612	675	876	269	752	770	865	237	692	532	731	829	484	107	870	751	805	558	53	700	721	260	595	604	712	855	398	631	473	15	632	725	441	353	624	804	107	487	984	832	530	393	440	544	331	333	52	695	517	187	449	151	341	668	406	125	990	661	961	273	238	94	663	60	959	176	759	759	131	413	521	961	25	890	739	857	976	619	221	13	793	814	702	27	411	891	382	574	457	826	646	164	478	453	884	245	403	80	523	766	120	622	755	670	386	590	421	584	932	158	689	267	233	758	43	287	312	
51	442	966	768	189	990	436	318	956	10	888	303	203	832	316	844	544	0	40	756	57	65	78	853	296	872	941	569	745	272	1	907	808	9	194	334	280	380	221	260	893	814	221	297	592	228	731	456	474	303	235	286	644	96	378	430	15	509	253	661	296	852	732	351	526	911	55	434	847	264	439	177	375	415	160	251	323	731	445	606	789	814	141	869	609	779	613	210	855	884	94	632	601	455	832	744	376	41	911	134	931	782	61	381	904	167	336	593	765	181	469	371	480	381	269	234	30	677	295	935	866	366	551	322	102	418	950	724	470	560	777	44	827	541	134	990	542	909	956	193	262	275	370	80	987	253	675	403	419	372	
474	887	800	941	39	31	709	498	445	782	929	101	565	282	756	620	534	40	0	937	639	286	498	416	635	509	101	732	844	272	499	750	908	800	334	98	342	170	122	236	989	125	268	573	813	566	14	192	770	562	936	442	496	707	465	97	843	735	119	220	640	134	299	932	228	154	280	322	755	323	925	9	51	172	673	964	331	128	191	731	558	514	2	410	436	843	323	315	746	732	880	150	865	223	39	509	949	161	756	869	999	891	615	114	749	417	794	665	840	170	185	748	822	762	690	602	66	988	71	797	49	652	818	416	717	900	208	977	7	293	161	963	57	112	592	703	50	453	422	116	301	77	571	244	452	67	679	241	209	328	
250	744	362	874	813	114	573	194	807	268	431	450	923	82	197	897	960	756	937	0	582	120	750	687	619	380	382	805	166	375	475	597	920	293	592	116	966	241	986	768	909	291	587	582	30	834	935	693	138	175	443	933	135	634	682	692	763	794	722	2	216	55	255	555	713	937	22	381	188	502	725	658	96	24	321	312	417	606	591	872	794	485	255	228	883	541	46	868	987	872	587	442	303	913	316	149	547	674	210	275	112	41	731	155	383	379	342	474	765	728	804	339	864	410	349	988	153	281	336	311	818	992	272	127	706	158	995	636	383	973	468	520	307	255	300	490	426	42	636	163	442	217	558	336	356	118	413	879	682	140	
24	301	586	716	438	628	703	735	706	399	15	513	641	402	102	653	367	57	639	582	0	418	693	810	458	520	711	186	541	690	704	740	700	92	954	908	554	328	936	135	935	474	364	527	96	205	301	69	705	351	915	78	952	218	350	768	500	829	507	606	894	403	80	931	414	58	539	228	193	311	733	985	137	576	645	437	470	625	483	523	196	747	1	588	861	34	657	526	48	374	339	239	825	429	997	755	140	326	817	754	436	41	857	702	889	806	462	531	218	67	561	567	78	401	625	404	553	457	495	940	957	547	527	765	255	968	120	805	524	73	524	79	396	214	556	270	894	84	854	578	532	377	489	537	463	97	931	592	30	679	
383	912	97	277	647	811	746	689	402	403	657	908	974	588	315	205	572	65	286	120	418	0	944	425	476	956	902	735	184	979	151	696	680	921	446	739	496	519	45	466	248	706	287	681	452	468	954	328	928	300	647	85	603	492	356	886	83	657	953	646	386	328	299	301	648	943	254	141	633	314	278	858	279	256	271	657	27	85	379	557	208	992	388	534	361	751	51	483	421	690	824	329	183	174	203	284	627	964	739	565	621	489	477	733	708	230	511	194	616	802	693	167	504	535	123	153	471	682	620	935	287	775	939	561	742	277	545	332	281	718	582	4	982	66	67	708	414	340	759	387	891	565	328	591	406	575	708	870	645	805	
603	770	505	177	690	885	419	74	259	512	650	994	305	357	430	456	402	78	498	750	693	944	0	625	218	947	385	682	757	8	229	507	390	898	695	279	786	620	599	511	887	510	746	422	204	837	380	915	53	204	906	583	254	675	238	128	102	56	670	485	742	467	454	474	193	767	293	750	950	445	774	243	932	498	129	30	791	981	89	360	32	882	838	612	745	594	470	930	840	502	999	203	211	689	209	334	734	798	202	266	873	915	345	661	230	580	311	461	929	163	131	301	33	814	365	706	190	585	285	334	19	30	189	741	269	554	348	479	564	370	485	917	107	333	895	206	723	884	870	716	45	999	10	883	887	842	694	434	845	537	
244	758	857	68	953	99	445	15	586	447	1	685	84	731	846	188	853	853	416	687	810	425	625	0	67	382	172	383	806	195	196	949	328	804	956	248	725	981	611	780	840	518	148	464	60	915	504	954	597	986	843	965	248	485	608	720	33	848	166	697	100	709	607	610	902	406	974	666	188	787	985	415	964	277	960	538	123	530	245	36	830	458	548	112	133	896	549	416	229	246	887	37	766	850	599	817	420	421	241	783	353	855	470	406	115	595	176	554	513	688	146	27	708	418	299	674	972	598	76	217	73	590	943	930	251	772	835	627	604	185	870	920	452	520	714	1	205	623	835	814	136	102	263	793	135	492	23	667	301	102	
10	218	741	897	828	749	982	715	876	969	151	328	929	765	398	365	483	296	635	619	458	476	218	67	0	310	793	507	400	39	296	917	513	460	711	700	306	996	92	861	240	772	297	282	482	234	624	343	605	758	509	775	966	369	571	640	575	242	826	381	166	599	984	643	466	417	749	94	896	780	475	940	589	805	861	922	796	460	679	238	378	964	127	429	241	473	795	957	2	737	611	302	646	838	72	221	375	667	734	233	498	173	709	801	32	684	646	837	925	90	604	69	800	323	680	959	845	334	674	205	791	371	453	549	802	229	499	659	408	202	200	164	465	384	827	468	385	386	842	803	733	28	718	372	758	219	975	62	649	905	
648	615	338	755	992	632	975	603	143	823	505	711	615	294	26	389	160	872	509	380	520	956	947	382	310	0	241	246	934	823	967	164	96	571	430	949	780	493	766	233	117	645	324	182	815	63	723	429	51	665	269	595	331	444	669	803	655	697	150	465	310	414	81	554	33	617	963	531	364	117	589	687	974	979	89	933	380	970	641	921	217	649	665	402	184	125	960	540	973	711	59	159	385	407	36	959	548	679	585	293	384	825	143	534	132	898	472	859	254	307	723	553	837	958	11	673	869	102	290	2	380	506	248	374	509	403	614	987	851	860	248	875	720	778	675	686	118	475	987	382	966	684	409	963	952	54	106	272	290	88	
847	97	22	62	349	37	222	229	765	815	171	374	346	884	576	90	536	941	101	382	711	902	385	172	793	241	0	251	214	156	899	459	607	923	946	146	774	884	752	833	829	68	471	282	583	965	38	74	71	164	42	915	89	409	657	143	744	471	203	673	335	852	729	366	35	451	987	805	824	96	972	611	460	244	113	834	801	210	170	635	479	384	272	73	233	722	48	8	847	555	670	470	588	222	862	33	817	37	582	9	241	135	928	855	982	487	551	750	980	354	784	200	141	746	668	724	533	745	530	287	558	39	194	97	263	288	183	754	864	744	196	21	426	689	819	691	133	86	506	291	825	944	512	760	272	257	398	20	188	463	
676	213	633	589	951	387	152	692	457	458	981	260	713	895	769	824	772	569	732	805	186	735	682	383	507	246	251	0	896	724	70	308	814	323	247	579	606	987	466	293	237	417	145	181	566	481	559	985	338	731	406	187	9	4	306	46	271	423	766	204	730	757	21	863	979	459	796	823	835	580	430	452	984	550	999	5	417	977	894	248	118	421	628	866	259	243	426	825	38	711	131	728	639	988	37	563	544	129	694	252	293	379	780	413	822	83	653	55	339	393	984	522	255	257	228	966	199	789	960	498	557	203	283	299	792	945	421	383	774	270	629	137	733	90	220	720	847	760	137	732	628	339	127	113	564	216	4	207	93	811	
997	530	16	904	484	237	522	30	361	663	768	893	605	559	753	807	600	745	844	166	541	184	757	806	400	934	214	896	0	220	480	89	764	518	684	540	618	460	418	805	128	49	184	163	416	670	268	26	334	317	404	301	654	834	907	38	49	358	813	460	475	38	917	77	336	732	388	868	393	660	885	948	962	306	367	614	686	34	75	967	404	583	710	934	803	833	449	308	52	57	511	845	576	854	463	62	642	653	651	176	349	436	352	156	873	48	399	374	690	896	275	687	114	1	492	894	713	531	867	111	370	164	999	279	367	164	735	535	479	609	449	727	495	492	43	20	279	755	960	292	150	56	661	378	385	162	396	502	472	90	
986	140	285	723	312	544	436	917	789	267	285	130	232	513	206	363	374	272	272	375	690	979	8	195	39	823	156	724	220	0	641	663	921	345	475	891	266	840	397	86	961	992	30	273	766	676	229	773	603	43	537	936	410	66	73	335	984	26	735	173	865	885	442	747	940	95	644	761	384	811	1	251	207	795	609	55	26	588	376	822	885	289	284	969	581	391	6	495	455	617	861	44	602	204	223	92	432	742	410	296	993	379	754	671	185	72	139	409	603	276	530	448	406	771	159	240	399	477	846	505	886	791	862	579	557	320	592	65	23	214	484	624	62	833	681	162	408	17	845	622	682	236	324	107	61	67	555	461	296	221	
27	565	27	101	801	193	169	698	67	845	92	763	853	796	796	752	376	1	499	475	704	151	229	196	296	967	899	70	480	641	0	791	118	982	772	329	961	66	487	45	443	344	271	780	970	254	214	695	947	931	116	916	311	446	180	582	126	986	351	672	63	865	736	698	725	918	80	55	166	624	410	662	873	340	737	944	510	857	472	57	355	122	691	283	811	704	805	943	9	934	633	374	502	393	116	775	895	255	603	873	731	887	473	411	180	266	572	129	979	392	545	690	657	662	428	377	555	262	485	169	365	432	520	100	259	632	371	349	836	24	293	580	144	975	581	843	59	690	264	991	138	538	584	329	998	542	313	901	695	786	
365	328	70	234	803	190	27	532	924	321	559	513	712	177	976	648	512	907	750	597	740	696	507	949	917	164	459	308	89	663	791	0	349	138	746	552	683	723	374	423	28	870	627	873	470	715	988	169	780	167	383	188	670	922	235	671	420	133	697	762	697	992	638	404	670	851	576	447	396	619	374	140	526	136	293	994	751	85	568	676	872	711	896	721	476	281	845	560	639	311	947	170	996	826	888	170	6	196	453	811	762	436	580	18	291	836	961	124	582	929	979	168	639	619	749	488	203	702	32	668	504	495	580	159	226	547	903	838	63	645	84	887	717	22	799	750	194	778	704	310	316	64	110	942	11	458	271	537	972	319	
363	891	98	661	403	531	459	66	237	352	940	570	275	823	456	781	746	808	908	920	700	680	390	328	513	96	607	814	764	921	118	349	0	653	923	495	669	603	201	235	34	696	552	296	557	347	224	29	729	400	194	91	354	697	144	66	738	337	757	667	382	125	157	197	933	52	645	308	169	433	6	471	209	542	918	376	877	298	456	834	948	774	133	518	843	61	531	310	935	827	69	502	661	456	787	432	455	900	83	623	218	589	904	446	422	502	706	657	742	331	454	564	736	570	584	763	415	252	918	594	447	541	958	630	456	975	571	291	927	590	948	32	161	1000	998	504	530	667	611	706	566	779	475	251	189	228	650	258	588	437	
838	241	963	67	891	637	846	175	534	325	707	702	225	996	836	973	612	9	800	293	92	921	898	804	460	571	923	323	518	345	982	138	653	0	833	365	729	694	737	74	279	107	270	224	963	305	345	879	158	537	704	589	429	611	26	75	189	620	781	759	139	907	203	491	467	657	349	62	278	991	878	378	762	148	955	510	381	790	72	724	561	945	751	245	215	238	502	764	37	702	182	553	921	632	507	559	579	591	313	31	326	231	779	766	888	265	706	797	731	509	860	272	538	71	410	81	719	174	287	221	420	585	334	927	73	378	219	844	270	327	189	911	73	935	770	678	530	571	683	261	605	485	130	513	144	244	498	535	278	600	
558	750	256	655	621	322	234	711	205	655	44	519	417	866	962	214	675	194	334	592	954	446	695	956	711	430	946	247	684	475	772	746	923	833	0	325	878	771	396	899	11	169	914	994	179	770	363	681	710	991	646	874	2	680	49	359	446	261	230	700	120	789	360	909	649	500	958	185	615	642	207	391	763	754	31	880	309	969	297	574	500	288	469	507	378	682	92	749	32	530	818	81	982	767	794	85	293	425	712	666	529	401	267	98	977	108	314	854	728	33	209	963	953	139	996	86	359	1000	731	182	923	675	574	249	433	727	491	9	941	901	886	960	930	608	392	618	43	15	835	819	918	90	748	257	805	993	378	114	247	450	
528	34	426	805	454	685	701	291	327	694	96	71	312	916	431	399	876	334	98	116	908	739	279	248	700	949	146	579	540	891	329	552	495	365	325	0	175	529	463	1	853	573	27	436	338	978	360	208	455	492	811	638	109	865	419	762	225	143	501	318	506	639	392	34	488	96	259	271	735	742	292	244	28	348	531	552	632	599	685	897	723	309	149	525	587	295	696	838	372	587	391	315	946	141	419	414	757	694	132	752	900	781	114	179	270	334	696	777	772	792	654	25	251	156	670	347	633	906	225	540	422	838	643	731	709	35	348	324	642	734	512	837	566	687	2	88	465	915	188	545	871	22	530	616	623	471	480	144	928	780	
767	59	541	543	534	526	426	224	864	867	457	984	144	78	8	192	269	280	342	966	554	496	786	725	306	780	774	606	618	266	961	683	669	729	878	175	0	264	825	76	280	297	636	74	210	548	390	622	504	801	822	500	579	858	913	829	940	654	798	609	528	481	966	214	624	201	774	863	308	132	232	297	993	377	455	194	329	452	506	434	682	310	890	879	353	652	943	603	720	958	904	145	630	739	802	889	142	139	676	167	891	445	960	67	450	587	731	396	368	554	841	838	414	102	811	286	218	950	898	747	424	948	585	976	496	64	430	71	250	117	481	744	544	723	248	858	586	847	362	417	848	488	762	153	3	691	7	946	157	922	
598	421	618	341	531	596	670	328	671	180	935	102	156	787	52	327	752	380	170	241	328	519	620	981	996	493	884	987	460	840	66	723	603	694	771	529	264	0	234	780	451	616	679	773	767	656	816	673	331	334	406	905	523	782	73	239	730	61	130	97	368	181	143	420	450	36	487	722	770	566	911	783	361	242	916	617	698	707	969	398	233	512	251	835	932	270	379	498	673	581	172	987	304	392	591	238	146	849	147	655	666	180	928	19	410	250	838	227	322	313	633	975	965	50	240	125	420	436	150	714	135	207	976	975	344	483	217	232	715	754	235	657	764	427	182	617	15	816	646	428	981	99	287	924	694	100	412	544	714	126	
761	512	12	798	819	624	533	217	835	624	544	422	703	287	566	905	770	221	122	986	936	45	599	611	92	766	752	466	418	397	487	374	201	737	396	463	825	234	0	802	223	228	723	686	126	489	413	638	513	405	591	886	279	296	339	913	425	519	333	659	292	333	823	381	484	52	726	465	963	14	485	22	923	297	593	798	912	51	206	438	522	465	952	821	785	806	475	25	314	731	871	783	922	578	542	401	224	599	976	445	199	441	26	771	195	77	498	159	677	116	486	936	418	230	109	648	241	615	765	462	948	81	719	576	670	226	449	804	967	288	346	521	172	818	323	441	450	1000	636	506	707	622	709	494	154	573	550	863	188	890	
241	934	762	59	8	146	516	278	523	741	255	658	860	191	191	474	865	260	236	768	135	466	511	780	861	233	833	293	805	86	45	423	235	74	899	1	76	780	802	0	968	367	785	235	918	951	225	335	494	782	794	766	85	981	209	353	322	464	654	427	585	927	397	280	395	134	242	453	443	546	45	808	909	925	230	17	418	172	683	41	303	263	576	913	351	464	582	495	29	240	263	877	439	630	545	579	432	457	913	294	245	897	98	624	778	288	558	409	389	391	83	254	27	446	210	698	289	732	900	771	518	672	758	102	208	943	591	389	540	495	192	984	554	771	579	906	832	344	990	861	749	111	34	432	417	733	615	856	492	431	
257	849	352	213	238	864	689	396	730	694	992	6	970	501	831	285	237	893	989	909	935	248	887	840	240	117	829	237	128	961	443	28	34	279	11	853	280	451	223	968	0	715	789	996	402	411	711	187	313	689	56	503	784	126	268	956	73	593	766	695	485	81	980	332	726	624	647	59	330	200	980	534	794	682	934	967	804	517	543	279	310	788	772	706	900	324	889	481	131	884	629	519	71	101	71	953	978	44	209	904	110	701	892	441	477	170	133	303	759	861	366	446	852	555	40	131	850	577	983	379	857	371	694	593	501	882	61	644	964	894	280	432	985	109	578	683	184	883	394	171	650	554	109	559	747	291	908	59	147	310	
393	383	672	204	829	321	133	607	271	185	502	607	642	662	691	583	692	814	125	291	474	706	510	518	772	645	68	417	49	992	344	870	696	107	169	573	297	616	228	367	715	0	383	648	586	847	241	35	376	282	646	885	668	647	27	259	602	905	949	718	274	700	269	109	63	197	626	938	389	943	200	907	807	899	312	434	936	279	631	263	568	642	147	372	961	487	467	65	579	128	78	681	228	141	391	716	852	414	240	655	825	861	821	385	118	743	994	632	713	508	463	827	381	636	42	785	533	165	926	362	338	843	36	460	879	903	631	729	378	852	892	230	686	269	753	807	31	802	277	586	542	13	185	345	462	424	814	948	726	914	
996	916	381	997	726	124	848	322	97	656	720	894	312	889	801	784	532	221	268	587	364	287	746	148	297	324	471	145	184	30	271	627	552	270	914	27	636	679	723	785	789	383	0	975	30	200	138	983	622	177	554	246	874	969	719	760	863	29	568	991	84	76	294	938	855	703	987	558	496	357	422	564	741	237	301	563	477	293	588	312	953	194	301	730	320	457	176	411	506	190	566	372	192	211	688	216	449	828	190	885	96	648	604	94	420	882	839	652	16	480	329	341	452	124	529	662	227	410	479	877	792	929	174	746	938	437	19	280	127	900	325	246	488	656	973	363	993	596	376	745	485	363	754	321	103	509	494	695	428	131	
215	699	675	962	174	19	765	613	925	208	847	530	191	258	306	776	731	297	573	582	527	681	422	464	282	182	282	181	163	273	780	873	296	224	994	436	74	773	686	235	996	648	975	0	371	583	103	125	481	40	500	186	805	921	793	560	736	569	922	205	783	563	685	669	471	194	93	508	47	657	802	550	859	263	49	197	853	416	736	780	750	495	117	698	358	931	872	264	177	327	405	318	547	743	398	43	324	128	881	756	415	223	430	263	464	341	516	152	252	425	204	940	582	662	629	412	15	494	234	356	501	999	81	61	336	718	790	711	241	986	719	451	787	282	849	320	254	985	155	508	849	352	537	382	521	101	172	274	136	491	
171	864	949	283	891	817	704	917	643	638	273	219	290	853	631	845	829	592	813	30	96	452	204	60	482	815	583	566	416	766	970	470	557	963	179	338	210	767	126	918	402	586	30	371	0	432	836	47	450	158	696	478	392	427	625	467	752	545	369	186	794	604	745	349	28	592	585	20	335	913	162	518	220	250	730	336	193	2	752	717	551	980	528	327	670	399	17	125	491	430	93	357	648	456	681	740	916	817	366	92	742	490	224	861	740	968	197	256	872	697	575	591	718	884	61	257	847	704	543	740	42	741	409	372	427	379	626	364	572	120	413	258	563	646	167	319	388	492	594	863	657	483	130	926	447	876	303	436	147	560	
931	171	647	381	986	184	351	937	369	650	809	942	876	281	422	103	484	228	566	834	205	468	837	915	234	63	965	481	670	676	254	715	347	305	770	978	548	656	489	951	411	847	200	583	432	0	210	251	557	680	371	254	643	566	962	28	761	388	948	125	792	972	640	996	973	591	579	78	139	10	825	82	779	493	765	521	27	934	611	232	268	814	4	123	433	658	425	413	333	109	236	166	276	508	483	171	381	330	78	380	606	908	492	362	65	408	465	192	30	706	762	899	184	543	604	53	700	278	641	374	143	603	276	572	96	741	352	997	278	907	220	506	507	27	778	175	201	355	849	456	468	740	495	878	856	563	898	209	204	497	
433	889	31	245	289	308	862	626	721	718	912	281	716	262	671	900	107	731	14	935	301	954	380	504	624	723	38	559	268	229	214	988	224	345	363	360	390	816	413	225	711	241	138	103	836	210	0	585	944	360	22	38	328	723	913	791	338	872	587	637	984	449	662	989	104	396	368	942	41	45	116	65	198	453	938	192	482	938	69	352	259	231	582	760	441	93	943	463	624	449	467	233	365	272	324	11	142	401	149	431	701	394	594	778	765	614	332	220	549	285	265	159	862	548	867	420	176	302	967	618	234	843	242	880	457	673	975	621	384	48	396	814	513	306	686	360	891	595	705	455	885	325	269	574	706	647	61	960	125	143	
954	56	461	632	20	325	290	847	653	566	379	344	655	664	606	137	870	456	192	693	69	328	915	954	343	429	74	985	26	773	695	169	29	879	681	208	622	673	638	335	187	35	983	125	47	251	585	0	338	158	950	430	439	185	325	115	326	715	103	714	708	17	744	38	352	124	64	196	385	177	680	67	249	53	382	409	876	596	831	799	854	340	429	432	652	494	129	918	233	541	747	550	748	777	520	541	1000	38	874	226	765	329	454	445	589	403	891	329	393	514	399	151	300	540	734	315	608	189	981	866	840	466	635	788	246	494	689	623	254	118	92	876	603	897	753	94	353	554	640	375	290	168	956	309	140	253	570	158	795	86	
626	620	909	645	104	694	549	328	850	328	156	889	346	164	697	443	751	474	770	138	705	928	53	597	605	51	71	338	334	603	947	780	729	158	710	455	504	331	513	494	313	376	622	481	450	557	944	338	0	783	904	435	747	191	973	65	376	124	860	955	571	892	578	956	831	70	35	357	320	142	364	80	216	655	243	591	97	280	50	605	275	234	439	58	992	89	959	597	599	257	685	389	422	323	845	249	124	767	758	865	102	852	191	572	352	135	385	779	270	921	158	494	579	284	40	197	393	798	613	370	74	239	993	830	584	840	732	200	432	692	678	821	188	868	992	476	472	133	93	354	397	116	194	750	93	678	433	789	334	737	
657	188	224	755	718	495	720	652	405	275	932	378	251	604	275	450	805	303	562	175	351	300	204	986	758	665	164	731	317	43	931	167	400	537	991	492	801	334	405	782	689	282	177	40	158	680	360	158	783	0	644	976	219	551	376	996	855	308	375	667	219	181	603	153	217	923	752	266	514	337	425	106	150	434	182	493	346	879	813	984	247	496	542	71	184	928	819	57	851	462	687	569	148	897	342	774	719	395	766	317	77	762	61	349	392	315	691	443	138	215	761	687	219	771	642	679	858	595	769	163	846	983	891	657	925	992	790	42	340	68	106	300	104	144	911	305	573	606	368	384	309	200	95	715	923	899	288	425	400	335	
780	738	52	433	252	607	559	465	681	889	206	472	935	34	618	570	558	235	936	443	915	647	906	843	509	269	42	406	404	537	116	383	194	704	646	811	822	406	591	794	56	646	554	500	696	371	22	950	904	644	0	66	684	462	654	523	749	684	411	379	231	313	365	925	721	204	12	817	720	723	100	869	469	594	440	254	98	687	928	137	459	172	957	782	899	212	436	432	564	602	354	862	131	758	655	150	451	257	222	10	713	531	388	467	144	75	495	142	854	191	473	692	70	36	525	846	608	192	161	241	582	822	580	990	752	147	874	789	426	111	581	955	460	573	79	441	226	726	254	592	446	234	863	697	611	129	126	954	291	386	
616	718	6	928	668	178	329	628	514	583	823	460	436	806	614	573	53	286	442	933	78	85	583	965	775	595	915	187	301	936	916	188	91	589	874	638	500	905	886	766	503	885	246	186	478	254	38	430	435	976	66	0	604	654	651	994	570	443	244	375	669	394	414	653	922	739	281	473	812	384	596	332	628	594	785	202	529	513	32	787	408	656	644	130	877	919	219	500	363	62	49	387	328	830	551	972	173	682	712	278	476	198	501	413	18	839	769	901	848	507	119	386	741	202	579	415	38	597	798	462	24	846	750	16	244	504	501	429	213	497	809	390	527	101	484	688	616	172	509	724	299	359	719	734	282	71	456	818	548	559	
719	575	347	955	207	722	419	317	723	816	643	595	923	239	870	204	700	644	496	135	952	603	254	248	966	331	89	9	654	410	311	670	354	429	2	109	579	523	279	85	784	668	874	805	392	643	328	439	747	219	684	604	0	500	270	872	27	219	212	521	137	64	350	714	590	4	559	132	852	459	919	869	675	29	415	771	598	47	678	754	599	851	267	978	454	501	748	20	230	704	815	366	760	105	799	142	531	17	194	331	524	401	832	554	283	873	374	96	991	385	35	595	355	324	346	70	8	114	298	68	5	973	19	164	413	86	114	214	352	712	518	806	732	653	660	166	933	265	584	441	922	844	893	37	66	115	223	208	495	409	
900	610	769	21	574	592	468	251	806	440	888	332	844	803	906	187	721	96	707	634	218	492	675	485	369	444	409	4	834	66	446	922	697	611	680	865	858	782	296	981	126	647	969	921	427	566	723	185	191	551	462	654	500	0	983	943	603	242	598	403	520	304	597	676	244	706	181	642	404	321	371	226	416	645	918	150	16	672	540	105	621	913	953	185	731	363	138	294	197	407	753	281	514	120	58	64	327	829	877	570	781	948	901	46	524	901	600	977	279	877	536	79	138	692	482	433	378	249	372	328	893	116	268	105	370	260	807	402	649	362	728	724	877	838	993	729	441	673	742	543	194	835	944	262	595	37	800	23	110	705	
531	977	458	476	888	962	111	763	150	814	15	829	729	498	781	247	260	378	465	682	350	356	238	608	571	669	657	306	907	73	180	235	144	26	49	419	913	73	339	209	268	27	719	793	625	962	913	325	973	376	654	651	270	983	0	493	510	954	233	47	817	376	518	125	273	955	266	204	648	559	663	288	867	48	513	808	651	86	58	261	215	736	589	92	204	911	669	813	327	108	534	882	306	901	284	27	749	380	20	129	527	696	927	770	78	384	726	382	971	365	818	791	593	391	363	358	863	843	444	379	60	244	780	380	331	856	16	571	231	60	783	985	417	10	967	855	535	417	294	167	119	678	987	38	469	162	894	253	761	748	
489	813	986	638	216	478	314	945	333	67	56	654	155	779	68	238	595	430	97	692	768	886	128	720	640	803	143	46	38	335	582	671	66	75	359	762	829	239	913	353	956	259	760	560	467	28	791	115	65	996	523	994	872	943	493	0	165	512	476	945	481	343	293	929	537	243	71	988	165	299	317	764	181	695	905	580	419	220	48	289	341	778	10	737	400	250	65	546	34	501	904	187	527	617	231	656	735	572	948	618	989	790	331	230	106	714	873	464	283	717	654	471	649	754	409	338	80	14	888	931	618	368	696	411	860	706	898	582	329	286	799	569	830	763	509	65	575	71	690	821	984	490	704	575	813	984	346	511	350	487	
30	518	158	493	254	267	935	938	334	144	38	904	499	795	514	370	604	15	843	763	500	83	102	33	575	655	744	271	49	984	126	420	738	189	446	225	940	730	425	322	73	602	863	736	752	761	338	326	376	855	749	570	27	603	510	165	0	910	681	781	641	923	216	570	468	845	867	641	153	583	686	178	106	1	396	18	663	322	868	904	186	143	265	571	450	292	567	537	805	290	883	523	354	986	666	960	878	873	909	822	140	517	675	504	898	135	735	701	890	65	212	573	111	786	982	257	105	743	443	491	690	757	634	140	505	540	450	85	799	350	190	624	489	144	239	728	269	648	603	486	352	936	925	734	151	626	13	505	709	221	
340	613	288	747	37	707	523	267	664	746	493	205	559	528	533	634	712	509	735	794	829	657	56	848	242	697	471	423	358	26	986	133	337	620	261	143	654	61	519	464	593	905	29	569	545	388	872	715	124	308	684	443	219	242	954	512	910	0	770	971	444	518	876	760	831	34	487	683	912	587	37	95	406	193	939	986	1	379	63	535	689	279	8	883	83	758	886	313	453	267	876	490	333	886	868	647	109	636	89	705	89	769	250	652	372	256	334	630	999	114	259	910	276	925	620	963	803	991	978	515	803	684	249	238	131	44	103	593	544	841	800	319	482	23	478	541	67	876	376	229	751	274	648	437	226	963	81	832	559	469	
987	628	283	82	654	202	166	878	873	389	239	842	94	737	259	555	855	253	119	722	507	953	670	166	826	150	203	766	813	735	351	697	757	781	230	501	798	130	333	654	766	949	568	922	369	948	587	103	860	375	411	244	212	598	233	476	681	770	0	744	6	957	830	74	624	807	657	463	527	155	401	253	373	202	814	216	843	442	694	945	797	865	389	229	75	851	808	711	865	718	511	648	50	620	785	926	808	912	188	835	903	620	93	615	235	643	317	433	471	187	301	618	799	373	467	778	848	39	365	455	886	537	845	699	975	464	726	613	95	120	582	419	314	429	949	911	185	619	45	943	935	492	850	898	219	122	83	919	148	110	
732	815	602	653	924	951	273	304	43	740	727	771	446	232	484	561	398	661	220	2	606	646	485	697	381	465	673	204	460	173	672	762	667	759	700	318	609	97	659	427	695	718	991	205	186	125	637	714	955	667	379	375	521	403	47	945	781	971	744	0	562	184	168	856	841	288	709	664	13	104	307	453	887	496	417	36	792	860	487	531	685	876	580	518	516	449	418	313	758	821	895	119	350	467	429	403	504	511	244	134	869	758	181	360	558	353	466	866	471	878	853	435	103	904	47	697	500	632	42	570	652	427	913	164	473	334	142	26	253	80	940	56	471	935	206	105	692	358	551	150	857	309	212	970	264	473	879	660	490	502	
430	592	595	865	107	584	119	718	870	836	983	872	413	945	34	809	631	296	640	216	894	386	742	100	166	310	335	730	475	865	63	697	382	139	120	506	528	368	292	585	485	274	84	783	794	792	984	708	571	219	231	669	137	520	817	481	641	444	6	562	0	653	101	564	530	786	539	164	907	459	925	374	252	453	815	322	620	548	72	560	960	55	786	847	658	706	898	82	417	915	81	269	739	26	466	702	697	770	813	983	842	749	187	867	594	807	67	647	492	361	764	75	614	33	708	825	124	696	865	805	271	829	830	805	792	688	112	916	808	881	754	209	881	826	253	837	218	858	436	997	927	244	343	21	624	767	821	270	67	223	
782	539	669	895	976	691	118	693	184	134	356	599	983	431	564	944	473	852	134	55	403	328	467	709	599	414	852	757	38	885	865	992	125	907	789	639	481	181	333	927	81	700	76	563	604	972	449	17	892	181	313	394	64	304	376	343	923	518	957	184	653	0	872	624	188	660	52	164	196	313	609	459	287	504	937	915	770	260	915	260	13	295	49	645	694	245	15	589	302	976	69	846	80	77	271	140	631	976	627	895	951	92	643	229	407	389	603	965	645	297	621	55	482	636	307	191	24	163	413	147	41	676	828	83	610	500	70	825	840	249	403	345	289	665	487	530	911	50	801	710	336	403	170	783	906	234	43	954	77	480	
475	328	881	581	282	866	177	824	137	220	144	640	419	692	944	953	15	732	299	255	80	299	454	607	984	81	729	21	917	442	736	638	157	203	360	392	966	143	823	397	980	269	294	685	745	640	662	744	578	603	365	414	350	597	518	293	216	876	830	168	101	872	0	289	936	312	179	746	458	337	411	92	790	368	479	267	112	531	352	836	306	695	901	545	294	837	489	948	643	571	274	126	583	173	123	442	604	596	701	438	14	102	481	586	323	309	802	309	820	996	457	204	140	896	656	819	654	68	450	761	476	919	307	167	677	329	772	634	438	452	986	329	45	672	64	385	353	610	650	119	886	397	500	989	792	961	393	649	214	179	
657	597	82	486	112	163	917	294	455	817	690	602	622	522	901	209	632	351	932	555	931	301	474	610	643	554	366	863	77	747	698	404	197	491	909	34	214	420	381	280	332	109	938	669	349	996	989	38	956	153	925	653	714	676	125	929	570	760	74	856	564	624	289	0	400	234	297	93	180	973	701	720	787	903	135	752	914	739	639	279	495	439	448	452	55	794	982	141	449	712	895	650	258	25	957	180	362	647	995	622	111	159	302	987	745	482	798	144	661	564	909	11	326	820	583	869	649	398	803	564	256	245	721	572	994	141	356	78	880	864	866	41	379	542	225	161	436	187	636	357	772	132	455	725	557	722	375	204	128	266	
178	135	35	243	228	266	755	49	231	995	720	742	400	434	399	550	725	526	228	713	414	648	193	902	466	33	35	979	336	940	725	670	933	467	649	488	624	450	484	395	726	63	855	471	28	973	104	352	831	217	721	922	590	244	273	537	468	831	624	841	530	188	936	400	0	69	698	785	348	253	37	641	531	674	738	178	404	845	198	96	674	701	970	869	417	569	662	85	810	204	132	868	687	847	809	789	936	62	200	188	132	44	280	374	860	200	254	696	604	44	22	509	379	219	838	500	766	852	643	577	936	36	409	459	148	664	653	758	750	779	957	994	831	821	234	203	367	245	653	90	224	681	216	860	449	827	582	2	872	685	
185	879	451	409	284	127	219	726	705	564	492	142	687	763	204	565	441	911	154	937	58	943	767	406	417	617	451	459	732	95	918	851	52	657	500	96	201	36	52	134	624	197	703	194	592	591	396	124	70	923	204	739	4	706	955	243	845	34	807	288	786	660	312	234	69	0	429	753	580	697	427	442	889	130	479	765	485	247	785	481	795	257	221	663	494	379	116	464	608	681	796	828	179	828	249	261	264	909	459	19	319	112	450	682	582	724	39	64	189	816	661	915	497	592	568	962	183	727	525	139	452	543	90	853	371	319	511	615	126	236	485	545	464	540	438	953	251	799	238	585	877	558	488	238	529	777	684	837	883	139	
765	635	752	721	798	271	144	669	513	128	226	627	138	458	736	262	353	55	280	22	539	254	293	974	749	963	987	796	388	644	80	576	645	349	958	259	774	487	726	242	647	626	987	93	585	579	368	64	35	752	12	281	559	181	266	71	867	487	657	709	539	52	179	297	698	429	0	151	417	108	473	739	744	791	883	505	382	458	322	804	170	833	259	48	552	39	114	683	15	607	106	866	612	835	404	983	622	10	559	498	283	279	551	390	139	944	897	294	332	148	925	255	725	976	37	327	456	676	838	134	945	97	580	324	644	246	170	268	718	484	114	231	706	22	266	308	511	373	760	102	680	203	984	758	716	414	203	787	319	80	
48	606	599	524	620	343	80	65	399	349	372	304	620	718	329	61	624	434	322	381	228	141	750	666	94	531	805	823	868	761	55	447	308	62	185	271	863	722	465	453	59	938	558	508	20	78	942	196	357	266	817	473	132	642	204	988	641	683	463	664	164	164	746	93	785	753	151	0	778	56	497	644	659	549	925	179	483	808	429	728	797	941	332	513	746	531	932	56	665	850	626	984	305	10	174	707	341	869	551	219	151	295	158	744	512	925	265	938	86	493	52	904	551	380	795	584	526	413	539	7	292	384	817	739	640	554	731	615	58	172	542	951	276	478	480	861	98	765	151	715	436	986	553	370	881	997	942	882	783	82	
