100
0	470	979	296	36	130	592	455	426	543	782	274	531	549	456	462	443	769	572	42	180	259	979	527	874	537	339	713	800	332	227	7	863	401	822	1000	51	786	819	983	929	902	516	1000	918	79	559	27	674	794	986	465	437	989	442	444	456	756	277	476	135	300	781	911	61	571	976	601	649	879	503	532	639	111	356	601	426	783	296	208	729	560	923	780	464	223	637	883	153	660	220	45	434	239	599	107	232	438	803	210	
470	0	916	713	996	167	413	490	998	789	415	543	684	380	370	514	537	957	854	683	669	956	285	483	274	605	713	293	63	634	217	905	781	115	414	120	153	47	802	879	953	611	19	605	475	481	517	783	98	834	742	615	377	566	101	136	893	675	765	510	831	557	15	323	975	477	854	68	335	53	519	494	391	363	456	283	924	468	552	713	999	427	40	405	107	106	80	444	655	952	229	234	989	963	858	798	105	632	420	590	
979	916	0	102	625	971	607	294	910	485	952	25	23	253	863	752	89	277	500	705	527	559	285	254	539	986	177	665	197	138	345	475	555	145	780	286	226	494	634	839	292	411	355	504	154	859	9	756	419	219	947	221	806	105	916	43	413	762	579	957	859	872	964	45	95	372	871	223	809	120	207	482	188	385	70	594	356	3	375	229	587	253	92	741	407	678	345	421	957	600	353	232	876	843	639	358	43	454	159	984	
296	713	102	0	117	274	943	870	223	567	504	263	686	547	401	577	934	536	414	553	585	934	565	446	965	313	401	289	665	460	266	615	296	357	237	842	455	75	672	469	588	430	897	447	688	214	743	489	214	6	457	987	156	994	942	524	634	799	533	737	665	826	493	64	694	59	599	877	846	571	907	629	956	525	321	889	697	721	506	845	283	214	365	338	889	601	669	720	270	497	619	152	109	205	649	377	180	848	39	601	
36	996	625	117	0	107	275	145	591	566	948	448	998	305	182	776	341	477	953	578	101	648	195	547	914	121	623	365	846	716	93	44	346	874	90	179	566	78	322	328	179	139	571	782	222	434	404	90	328	698	861	904	581	16	681	662	642	306	241	73	866	767	843	207	114	538	931	13	523	390	80	386	568	731	115	891	745	185	123	664	512	797	125	751	818	370	586	16	23	122	728	345	997	29	806	347	410	337	826	828	
130	167	971	274	107	0	33	163	542	926	128	573	75	712	487	761	468	235	179	492	238	824	283	878	902	592	299	737	700	684	832	600	726	654	386	314	312	512	553	311	163	771	273	306	27	11	104	615	566	217	42	448	242	961	258	195	318	822	132	726	155	354	856	61	508	538	546	683	932	321	112	535	95	499	540	673	556	621	987	694	169	476	629	896	720	531	989	769	912	353	467	305	335	755	600	486	55	85	210	532	
592	413	607	943	275	33	0	78	38	713	30	115	829	121	131	93	975	569	268	726	91	891	548	336	271	693	73	463	819	440	99	327	887	863	43	359	137	889	894	919	585	555	546	997	1	560	239	382	335	714	97	612	893	598	990	299	515	626	603	672	763	770	140	996	278	876	619	181	445	681	905	701	946	645	323	912	703	984	198	944	799	558	734	899	628	404	908	360	665	12	878	941	481	531	331	517	824	912	895	136	
455	490	294	870	145	163	78	0	49	32	108	683	703	192	626	185	535	947	152	74	61	973	987	820	23	86	470	583	184	43	443	61	717	681	753	146	21	211	343	72	596	279	223	502	737	908	279	842	617	583	348	220	651	334	687	301	254	772	413	345	439	950	865	521	432	301	357	915	429	749	922	997	792	110	76	272	64	9	361	370	517	381	978	535	928	754	459	665	713	477	184	565	560	166	201	39	32	591	272	401	
426	998	910	223	591	542	38	49	0	440	6	384	80	252	100	664	952	764	911	208	649	484	484	572	18	84	313	950	461	8	571	337	475	810	395	603	425	142	334	498	795	815	965	738	720	808	178	630	814	982	837	718	488	516	390	367	981	143	363	297	635	963	540	829	619	285	309	942	719	602	972	210	761	608	580	320	942	740	393	20	139	996	444	504	390	62	177	710	281	728	224	196	594	82	993	798	318	377	852	114	
543	789	485	567	566	926	713	32	440	0	655	469	63	688	580	245	305	417	465	81	911	290	822	384	660	745	788	19	351	351	84	297	255	598	138	389	658	20	739	382	935	809	363	245	984	694	539	212	101	878	473	773	252	1	535	88	149	639	272	497	998	218	336	138	250	479	996	52	615	375	59	588	207	736	667	884	535	785	542	831	895	342	774	513	594	657	495	582	79	410	900	58	558	112	829	369	39	608	127	992	
782	415	952	504	948	128	30	108	6	655	0	599	685	533	723	588	866	317	856	100	468	502	556	121	170	641	445	928	633	461	240	585	539	887	780	897	241	130	711	655	9	884	575	164	417	729	275	966	956	995	11	951	188	874	605	481	282	41	162	901	714	809	968	309	298	610	121	694	684	119	716	401	729	777	387	748	673	759	100	965	25	309	484	711	196	962	97	344	389	566	238	514	859	388	573	393	214	676	56	980	
274	543	25	263	448	573	115	683	384	469	599	0	466	220	1000	319	841	784	226	680	966	280	887	481	879	561	555	125	986	615	448	654	924	41	163	887	365	429	623	718	608	317	241	980	482	938	780	951	441	809	574	872	447	27	154	145	582	217	791	289	622	687	906	787	646	217	711	491	471	404	590	131	55	462	84	966	269	320	638	43	648	914	429	123	676	280	255	558	991	668	906	723	881	653	319	159	35	470	36	456	
531	684	23	686	998	75	829	703	80	63	685	466	0	58	633	474	754	156	502	905	865	538	958	688	609	374	861	937	355	855	96	908	824	218	771	827	226	875	758	903	153	133	409	577	724	414	981	643	441	303	221	8	191	106	989	176	937	20	337	993	70	54	378	363	783	166	5	2	560	427	564	634	122	2	569	454	896	698	87	297	785	911	99	145	110	500	396	416	749	778	191	709	197	825	574	234	546	228	314	23	
549	380	253	547	305	712	121	192	252	688	533	220	58	0	531	466	406	160	226	962	646	467	924	479	672	468	882	884	777	820	375	354	939	783	35	863	966	108	248	521	909	739	427	123	338	467	68	328	468	889	289	126	264	167	648	500	534	20	28	687	358	449	626	937	923	20	293	516	902	504	318	205	686	925	776	292	342	892	291	523	479	365	175	862	512	556	724	610	483	186	95	40	571	432	855	467	731	473	985	1000	
456	370	863	401	182	487	131	626	100	580	723	1000	633	531	0	632	584	697	583	289	136	378	967	357	539	832	670	710	965	251	561	101	81	999	600	639	724	850	686	910	385	942	496	523	13	848	604	18	557	719	228	574	620	825	171	735	864	514	559	978	359	87	407	208	943	602	599	968	763	870	162	193	605	350	55	307	416	817	640	782	845	377	894	318	385	140	185	597	308	514	623	409	357	521	842	704	252	853	215	680	
462	514	752	577	776	761	93	185	664	245	588	319	474	466	632	0	800	699	259	772	370	200	977	100	986	870	675	412	785	15	205	232	575	621	80	454	989	593	933	213	61	362	327	621	105	656	391	599	857	617	26	853	946	196	574	997	395	181	301	483	697	865	961	181	398	834	648	514	13	933	506	141	177	689	353	383	46	267	479	555	560	176	71	110	507	698	29	407	147	431	439	571	885	510	600	36	198	12	779	378	
443	537	89	934	341	468	975	535	952	305	866	841	754	406	584	800	0	930	766	693	954	775	320	198	183	372	365	9	230	900	895	25	375	983	114	166	745	578	572	961	644	334	120	205	445	311	963	79	877	510	750	23	795	225	269	398	300	521	679	146	544	932	32	241	174	749	811	451	811	857	756	66	135	242	53	262	440	745	927	716	235	736	659	199	48	726	361	514	246	686	593	165	799	546	345	398	965	860	207	521	
769	957	277	536	477	235	569	947	764	417	317	784	156	160	697	699	930	0	877	982	406	675	867	563	718	132	294	805	415	347	605	39	318	262	178	846	620	130	462	44	843	48	541	229	331	433	363	894	604	659	832	322	916	267	360	623	179	118	358	625	677	419	370	69	743	196	192	449	574	853	547	682	821	651	161	765	757	73	681	338	658	14	339	542	180	347	63	40	851	396	528	942	695	174	538	921	534	624	946	535	
572	854	500	414	953	179	268	152	911	465	856	226	502	226	583	259	766	877	0	719	316	29	671	966	703	60	842	825	767	926	664	451	917	374	904	367	443	351	877	272	552	245	93	958	569	46	211	179	578	768	168	358	942	669	301	144	876	253	676	541	522	266	792	342	102	690	506	77	570	296	109	96	40	564	709	689	662	292	931	981	732	139	708	460	876	313	539	569	481	532	851	347	139	29	858	882	177	654	810	949	
42	683	705	553	578	492	726	74	208	81	100	680	905	962	289	772	693	982	719	0	73	130	2	100	492	13	557	850	461	606	825	437	859	10	651	265	357	580	873	578	934	697	15	489	674	776	982	208	391	642	810	361	783	14	195	412	181	969	935	135	70	708	621	91	986	182	325	285	578	707	935	91	597	933	185	879	438	922	964	576	936	111	401	887	557	571	616	279	18	119	274	282	776	549	728	143	935	997	890	1000	
180	669	527	585	101	238	91	61	649	911	468	966	865	646	136	370	954	406	316	73	0	827	632	877	683	467	199	903	7	768	652	53	362	875	523	7	144	42	50	105	607	93	927	69	689	731	705	768	913	474	345	803	857	343	218	763	51	187	463	618	23	559	773	15	293	145	193	652	484	375	162	486	346	363	937	650	564	40	216	582	72	12	962	654	577	695	794	641	476	803	78	307	121	964	253	763	987	625	510	960	
259	956	559	934	648	824	891	973	484	290	502	280	538	467	378	200	775	675	29	130	827	0	227	19	315	263	641	198	238	944	85	135	51	459	646	133	823	869	385	938	542	775	892	3	867	80	995	622	60	730	946	68	340	387	964	159	541	693	452	606	229	943	162	935	873	669	313	524	520	166	702	921	649	877	51	116	38	347	773	270	787	258	723	634	930	989	256	539	873	478	91	2	855	7	213	153	202	934	338	50	
979	285	285	565	195	283	548	987	484	822	556	887	958	924	967	977	320	867	671	2	632	227	0	885	403	995	283	688	643	131	878	808	882	393	827	953	677	294	890	537	350	400	158	966	771	61	443	603	561	388	524	95	420	873	214	134	498	927	617	933	450	659	200	704	527	990	311	310	529	987	508	727	726	730	41	173	940	916	161	41	91	576	273	695	281	421	161	956	437	665	379	583	888	978	99	566	721	435	223	466	
527	483	254	446	547	878	336	820	572	384	121	481	688	479	357	100	198	563	966	100	877	19	885	0	808	17	873	150	901	14	235	540	570	862	491	49	990	168	951	146	116	375	442	423	803	650	744	998	303	625	998	11	200	409	861	30	721	417	473	998	491	62	581	277	459	692	177	516	178	294	831	217	972	712	786	77	316	522	680	235	181	184	730	270	603	256	545	234	692	875	203	470	713	648	406	288	89	86	677	945	
874	274	539	965	914	902	271	23	18	660	170	879	609	672	539	986	183	718	703	492	683	315	403	808	0	176	584	513	370	419	830	257	848	688	961	644	45	532	430	302	815	100	592	82	772	360	199	368	150	917	285	599	635	459	843	244	80	566	639	84	536	400	409	862	671	303	311	420	572	274	957	59	198	226	536	841	270	47	781	911	630	681	989	304	80	712	885	81	514	838	331	656	264	379	91	250	27	73	259	279	
537	605	986	313	121	592	693	86	84	745	641	561	374	468	832	870	372	132	60	13	467	263	995	17	176	0	425	81	475	57	52	581	178	214	511	56	668	417	47	787	512	920	542	746	714	329	150	238	732	367	340	268	562	708	10	278	390	518	370	72	817	687	16	133	644	80	976	907	262	646	615	13	878	640	406	672	259	703	900	152	954	142	939	659	168	701	191	262	864	993	106	815	703	286	579	147	495	647	71	337	
339	713	177	401	623	299	73	470	313	788	445	555	861	882	670	675	365	294	842	557	199	641	283	873	584	425	0	313	229	97	270	542	447	215	514	264	625	525	259	844	936	934	664	835	796	751	737	505	279	790	862	437	597	3	21	794	844	367	760	462	975	562	301	769	582	905	584	360	855	328	374	683	187	123	76	916	738	420	479	945	512	208	445	979	469	99	916	647	159	893	345	469	795	396	916	24	772	180	570	301	
713	293	665	289	365	737	463	583	950	19	928	125	937	884	710	412	9	805	825	850	903	198	688	150	513	81	313	0	866	925	843	327	127	236	365	578	910	469	329	247	85	607	548	104	157	288	897	356	335	843	172	677	546	758	522	504	842	833	448	957	2	940	145	64	549	929	756	111	105	714	261	52	414	164	67	781	862	468	858	731	141	568	74	856	187	121	359	452	335	887	338	785	246	614	824	454	965	785	690	689	
800	63	197	665	846	700	819	184	461	351	633	986	355	777	965	785	230	415	767	461	7	238	643	901	370	475	229	866	0	755	52	549	896	474	981	882	258	120	150	992	546	369	652	329	820	391	804	499	539	820	295	880	665	223	194	488	792	910	84	285	609	699	922	63	355	194	325	625	975	410	622	92	850	834	304	667	42	397	367	382	476	425	168	394	293	732	545	649	111	249	266	879	751	418	308	509	277	597	689	305	
332	634	138	460	716	684	440	43	8	351	461	615	855	820	251	15	900	347	926	606	768	944	131	14	419	57	97	925	755	0	188	852	485	317	194	144	195	798	882	926	986	744	712	765	314	649	20	982	2	811	179	333	468	790	651	31	275	189	942	428	195	216	40	440	418	354	332	164	157	884	515	34	78	921	895	481	701	395	784	285	517	151	36	771	984	788	196	835	894	241	901	223	658	567	564	571	341	797	54	14	
227	217	345	266	93	832	99	443	571	84	240	448	96	375	561	205	895	605	664	825	652	85	878	235	830	52	270	843	52	188	0	487	299	543	952	674	82	713	772	762	602	639	360	818	371	922	962	809	88	628	230	853	96	443	77	822	551	840	592	558	765	585	373	872	869	612	553	815	993	589	95	552	684	66	871	714	776	116	99	860	889	73	559	848	90	360	39	896	806	908	180	614	746	189	410	928	401	563	116	619	
7	905	475	615	44	600	327	61	337	297	585	654	908	354	101	232	25	39	451	437	53	135	808	540	257	581	542	327	549	852	487	0	487	149	393	127	739	57	588	788	807	100	862	219	841	780	806	656	87	948	252	479	726	856	194	132	60	634	852	735	383	52	330	520	765	55	171	168	149	331	916	936	894	624	490	429	807	581	60	597	87	934	812	331	846	659	896	49	91	119	916	534	287	623	986	726	321	708	957	50	
863	781	555	296	346	726	887	717	475	255	539	924	824	939	81	575	375	318	917	859	362	51	882	570	848	178	447	127	896	485	299	487	0	444	658	978	135	375	409	711	427	99	963	121	533	618	856	145	212	453	183	422	844	591	886	609	724	801	939	821	523	253	476	534	845	135	692	691	136	184	911	47	612	13	768	892	410	344	216	697	739	53	106	86	77	376	909	732	938	61	250	443	745	24	998	478	785	950	442	994	
401	115	145	357	874	654	863	681	810	598	887	41	218	783	999	621	983	262	374	10	875	459	393	862	688	214	215	236	474	317	543	149	444	0	235	19	625	271	544	525	954	454	715	993	487	636	760	829	301	837	548	862	133	805	431	651	458	867	768	393	116	623	31	64	572	853	345	710	17	490	479	595	834	758	480	125	181	459	281	949	688	502	442	529	542	443	155	139	820	285	814	722	708	822	438	871	561	716	849	459	
822	414	780	237	90	386	43	753	395	138	780	163	771	35	600	80	114	178	904	651	523	646	827	491	961	511	514	365	981	194	952	393	658	235	0	749	758	66	399	840	933	50	901	10	918	472	797	74	846	950	225	551	215	526	541	711	227	349	202	855	494	791	746	547	904	747	225	526	691	184	794	59	979	80	311	957	20	732	205	925	512	577	863	850	480	353	858	629	930	684	625	677	5	33	977	16	377	816	104	556	
1000	120	286	842	179	314	359	146	603	389	897	887	827	863	639	454	166	846	367	265	7	133	953	49	644	56	264	578	882	144	674	127	978	19	749	0	930	106	386	165	303	2	412	743	333	318	221	751	778	137	417	397	927	371	768	420	741	676	847	725	587	804	837	577	502	910	24	246	139	30	232	412	489	865	629	56	915	252	341	489	100	760	769	353	963	12	168	822	410	492	92	361	657	672	348	190	56	664	977	510	
51	153	226	455	566	312	137	21	425	658	241	365	226	966	724	989	745	620	443	357	144	823	677	990	45	668	625	910	258	195	82	739	135	625	758	930	0	237	622	69	249	458	956	216	88	611	648	813	659	807	582	557	614	253	405	939	921	865	844	112	375	959	902	447	471	686	19	555	762	937	706	615	940	610	643	495	303	296	618	30	436	635	353	327	347	557	301	640	693	907	988	331	832	492	381	518	619	449	465	718	
786	47	494	75	78	512	889	211	142	20	130	429	875	108	850	593	578	130	351	580	42	869	294	168	532	417	525	469	120	798	713	57	375	271	66	106	237	0	155	206	264	808	637	912	375	385	364	96	665	134	46	727	603	382	458	818	452	582	700	976	29	165	300	49	997	466	956	809	105	186	113	573	978	799	76	45	839	637	209	699	757	255	671	100	403	697	353	844	235	991	389	687	78	934	83	677	31	105	688	405	
819	802	634	672	322	553	894	343	334	739	711	623	758	248	686	933	572	462	877	873	50	385	890	951	430	47	259	329	150	882	772	588	409	544	399	386	622	155	0	515	352	724	285	991	187	416	793	339	837	740	746	486	431	776	713	906	10	873	397	489	74	327	528	327	23	685	681	690	469	840	445	120	366	651	383	304	790	634	347	724	936	134	509	677	456	249	631	807	192	434	794	446	254	435	165	513	646	417	692	110	
983	879	839	469	328	311	919	72	498	382	655	718	903	521	910	213	961	44	272	578	105	938	537	146	302	787	844	247	992	926	762	788	711	525	840	165	69	206	515	0	572	628	619	887	517	759	235	916	871	362	843	617	182	535	675	313	32	561	325	114	411	884	614	571	173	521	900	683	852	24	295	892	648	83	716	864	158	649	392	219	910	48	986	722	655	822	261	306	385	842	444	843	971	574	223	950	918	744	909	430	
929	953	292	588	179	163	585	596	795	935	9	608	153	909	385	61	644	843	552	934	607	542	350	116	815	512	936	85	546	986	602	807	427	954	933	303	249	264	352	572	0	290	58	402	259	72	127	939	108	239	190	735	534	371	564	960	287	571	149	306	496	650	34	508	395	472	130	245	906	25	618	777	656	438	735	180	667	275	262	893	522	778	993	167	875	166	133	516	873	674	634	875	420	946	970	444	177	346	142	329	
902	611	411	430	139	771	555	279	815	809	884	317	133	739	942	362	334	48	245	697	93	775	400	375	100	920	934	607	369	744	639	100	99	454	50	2	458	808	724	628	290	0	148	782	77	31	579	842	79	53	733	603	649	829	786	390	865	849	189	887	564	887	583	76	902	287	774	379	138	53	374	393	171	915	86	157	106	304	190	181	313	774	232	79	568	633	893	58	421	732	113	646	553	640	834	721	313	887	180	196	
516	19	355	897	571	273	546	223	965	363	575	241	409	427	496	327	120	541	93	15	927	892	158	442	592	542	664	548	652	712	360	862	963	715	901	412	956	637	285	619	58	148	0	842	78	553	245	585	698	55	567	345	868	330	431	934	47	636	247	114	369	914	528	710	489	145	699	684	520	352	154	730	43	960	165	274	136	754	831	183	166	319	410	554	938	382	399	174	904	113	99	809	206	929	447	820	655	316	823	893	
1000	605	504	447	782	306	997	502	738	245	164	980	577	123	523	621	205	229	958	489	69	3	966	423	82	746	835	104	329	765	818	219	121	993	10	743	216	912	991	887	402	782	842	0	679	643	213	987	682	361	502	977	250	633	213	271	297	303	71	845	67	738	495	233	631	992	539	523	256	99	759	39	951	746	240	467	372	827	107	418	453	792	871	384	317	855	753	655	856	662	846	449	518	639	958	815	7	528	759	481	
918	475	154	688	222	27	1	737	720	984	417	482	724	338	13	105	445	331	569	674	689	867	771	803	772	714	796	157	820	314	371	841	533	487	918	333	88	375	187	517	259	77	78	679	0	502	894	776	695	193	556	87	816	800	494	877	864	795	355	152	47	177	699	177	648	406	677	16	719	660	635	628	895	902	674	95	27	105	101	874	315	916	489	21	2	570	854	393	133	709	852	442	870	773	917	511	298	529	90	307	
79	481	859	214	434	11	560	908	808	694	729	938	414	467	848	656	311	433	46	776	731	80	61	650	360	329	751	288	391	649	922	780	618	636	472	318	611	385	416	759	72	31	553	643	502	0	359	37	825	177	419	141	772	868	625	560	509	29	933	449	985	376	906	858	659	593	73	146	243	51	109	225	878	681	853	529	807	201	729	64	78	573	297	875	168	148	626	844	528	513	83	911	949	474	63	90	435	548	963	155	
559	517	9	743	404	104	239	279	178	539	275	780	981	68	604	391	963	363	211	982	705	995	443	744	199	150	737	897	804	20	962	806	856	760	797	221	648	364	793	235	127	579	245	213	894	359	0	647	740	907	62	261	609	368	807	427	89	773	333	348	689	482	744	294	384	200	269	573	502	38	679	676	82	827	792	792	625	357	272	880	486	65	916	986	654	332	483	711	346	554	77	666	923	125	182	349	313	705	90	372	
27	783	756	489	90	615	382	842	630	212	966	951	643	328	18	599	79	894	179	208	768	622	603	998	368	238	505	356	499	982	809	656	145	829	74	751	813	96	339	916	939	842	585	987	776	37	647	0	700	37	384	158	647	740	364	650	794	309	288	222	711	663	595	589	167	41	468	882	566	26	400	304	44	884	875	157	581	550	899	502	180	130	451	548	907	163	151	703	854	844	787	346	825	205	81	383	638	455	699	788	
674	98	419	214	328	566	335	617	814	101	956	441	441	468	557	857	877	604	578	391	913	60	561	303	150	732	279	335	539	2	88	87	212	301	846	778	659	665	837	871	108	79	698	682	695	825	740	700	0	20	955	349	919	652	453	303	6	590	31	770	10	308	27	96	461	973	808	369	729	437	722	914	83	450	315	697	760	154	342	135	510	732	70	77	638	412	194	971	808	419	99	108	97	358	713	790	137	709	579	641	
794	834	219	6	698	217	714	583	982	878	995	809	303	889	719	617	510	659	768	642	474	730	388	625	917	367	790	843	820	811	628	948	453	837	950	137	807	134	740	362	239	53	55	361	193	177	907	37	20	0	47	7	742	765	497	892	968	473	118	331	670	761	55	406	610	912	973	586	505	638	476	363	756	500	201	128	212	494	816	195	892	999	522	396	138	763	812	670	262	545	707	689	678	585	55	498	241	589	677	808	
986	742	947	457	861	42	97	348	837	473	11	574	221	289	228	26	750	832	168	810	345	946	524	998	285	340	862	172	295	179	230	252	183	548	225	417	582	46	746	843	190	733	567	502	556	419	62	384	955	47	0	522	89	546	936	424	167	76	788	444	263	131	727	122	349	864	500	948	589	413	55	643	227	86	276	343	638	374	608	513	948	581	469	351	668	16	865	880	976	785	800	904	874	873	281	230	1000	28	279	877	
465	615	221	987	904	448	612	220	718	773	951	872	8	126	574	853	23	322	358	361	803	68	95	11	599	268	437	677	880	333	853	479	422	862	551	397	557	727	486	617	735	603	345	977	87	141	261	158	349	7	522	0	947	379	465	216	700	55	509	377	208	573	856	795	542	597	632	134	438	816	326	252	197	705	766	58	894	67	817	760	443	811	293	669	796	487	835	901	558	799	634	460	144	67	42	343	491	646	659	217	
437	377	806	156	581	242	893	651	488	252	188	447	191	264	620	946	795	916	942	783	857	340	420	200	635	562	597	546	665	468	96	726	844	133	215	927	614	603	431	182	534	649	868	250	816	772	609	647	919	742	89	947	0	24	265	479	787	278	755	581	336	148	359	511	680	268	327	239	571	656	136	549	41	569	741	732	543	14	505	718	533	394	727	205	446	305	684	396	623	4	935	277	675	19	864	220	542	11	463	571	
989	566	105	994	16	961	598	334	516	1	874	27	106	167	825	196	225	267	669	14	343	387	873	409	459	708	3	758	223	790	443	856	591	805	526	371	253	382	776	535	371	829	330	633	800	868	368	740	652	765	546	379	24	0	801	536	726	671	30	605	922	715	84	481	229	812	861	956	152	598	174	954	480	437	14	871	254	646	283	612	619	782	17	313	419	114	309	4	49	249	450	713	620	96	505	162	209	309	942	288	
442	101	916	942	681	258	990	687	390	535	605	154	989	648	171	574	269	360	301	195	218	964	214	861	843	10	21	522	194	651	77	194	886	431	541	768	405	458	713	675	564	786	431	213	494	625	807	364	453	497	936	465	265	801	0	777	158	488	131	829	338	265	246	567	615	568	359	594	254	899	990	940	525	320	115	826	548	702	581	965	449	967	232	645	103	745	375	771	645	446	323	531	355	408	602	274	714	209	947	148	
444	136	43	524	662	195	299	301	367	88	481	145	176	500	735	997	398	623	144	412	763	159	134	30	244	278	794	504	488	31	822	132	609	651	711	420	939	818	906	313	960	390	934	271	877	560	427	650	303	892	424	216	479	536	777	0	909	98	497	385	826	258	950	704	46	74	74	629	952	902	892	127	540	358	144	309	43	374	738	315	192	755	890	783	767	623	321	641	929	879	699	818	339	587	149	796	904	205	392	594	
456	893	413	634	642	318	515	254	981	149	282	582	937	534	864	395	300	179	876	181	51	541	498	721	80	390	844	842	792	275	551	60	724	458	227	741	921	452	10	32	287	865	47	297	864	509	89	794	6	968	167	700	787	726	158	909	0	612	710	598	713	482	757	164	720	8	337	146	140	2	273	167	655	964	426	448	58	788	162	331	456	215	970	606	836	266	393	446	390	804	526	597	83	171	502	875	35	260	135	568	
756	675	762	799	306	822	626	772	143	639	41	217	20	20	514	181	521	118	253	969	187	693	927	417	566	518	367	833	910	189	840	634	801	867	349	676	865	582	873	561	571	849	636	303	795	29	773	309	590	473	76	55	278	671	488	98	612	0	358	151	284	897	153	562	810	89	846	101	450	74	754	973	345	708	794	493	980	253	88	666	527	162	683	902	808	356	134	815	72	287	482	225	226	415	157	417	399	27	845	235	
277	765	579	533	241	132	603	413	363	272	162	791	337	28	559	301	679	358	676	935	463	452	617	473	639	370	760	448	84	942	592	852	939	768	202	847	844	700	397	325	149	189	247	71	355	933	333	288	31	118	788	509	755	30	131	497	710	358	0	600	711	248	199	382	397	798	623	735	4	73	5	554	52	51	346	708	400	745	594	187	908	487	22	660	1	92	450	552	535	359	240	893	203	18	76	722	410	366	218	546	
476	510	957	737	73	726	672	345	297	497	901	289	993	687	978	483	146	625	541	135	618	606	933	998	84	72	462	957	285	428	558	735	821	393	855	725	112	976	489	114	306	887	114	845	152	449	348	222	770	331	444	377	581	605	829	385	598	151	600	0	532	576	389	252	356	954	929	658	134	69	275	258	762	277	792	34	41	157	947	671	981	853	147	655	150	225	852	276	970	20	980	116	308	301	290	8	649	89	290	698	
135	831	859	665	866	155	763	439	635	998	714	622	70	358	359	697	544	677	522	70	23	229	450	491	536	817	975	2	609	195	765	383	523	116	494	587	375	29	74	411	496	564	369	67	47	985	689	711	10	670	263	208	336	922	338	826	713	284	711	532	0	863	153	443	27	967	917	229	611	860	401	261	586	916	718	204	638	23	804	143	926	326	672	367	575	981	337	707	637	532	311	285	988	762	357	979	815	667	166	551	
300	557	872	826	767	354	770	950	963	218	809	687	54	449	87	865	932	419	266	708	559	943	659	62	400	687	562	940	699	216	585	52	253	623	791	804	959	165	327	884	650	887	914	738	177	376	482	663	308	761	131	573	148	715	265	258	482	897	248	576	863	0	81	893	646	345	170	989	811	339	948	7	4	629	590	749	392	282	633	303	778	779	298	396	404	682	808	952	586	362	70	799	712	349	946	745	262	213	31	567	
781	15	964	493	843	856	140	865	540	336	968	906	378	626	407	961	32	370	792	621	773	162	200	581	409	16	301	145	922	40	373	330	476	31	746	837	902	300	528	614	34	583	528	495	699	906	744	595	27	55	727	856	359	84	246	950	757	153	199	389	153	81	0	379	464	271	621	384	822	854	72	718	77	891	201	35	167	280	890	616	769	557	425	287	671	583	787	636	503	135	667	233	483	512	347	598	707	721	794	816	
911	323	45	64	207	61	996	521	829	138	309	787	363	937	208	181	241	69	342	91	15	935	704	277	862	133	769	64	63	440	872	520	534	64	547	577	447	49	327	571	508	76	710	233	177	858	294	589	96	406	122	795	511	481	567	704	164	562	382	252	443	893	379	0	834	876	846	113	856	765	12	825	208	447	686	356	514	756	812	988	516	580	846	785	804	392	313	13	370	926	744	108	876	224	397	948	841	481	952	434	
61	975	95	694	114	508	278	432	619	250	298	646	783	923	943	398	174	743	102	986	293	873	527	459	671	644	582	549	355	418	869	765	845	572	904	502	471	997	23	173	395	902	489	631	648	659	384	167	461	610	349	542	680	229	615	46	720	810	397	356	27	646	464	834	0	402	631	943	182	462	631	247	423	101	277	154	994	408	787	217	327	30	580	979	908	386	90	967	942	299	597	175	741	156	300	990	768	181	377	379	
571	477	372	59	538	538	876	301	285	479	610	217	166	20	602	834	749	196	690	182	145	669	990	692	303	80	905	929	194	354	612	55	135	853	747	910	686	466	685	521	472	287	145	992	406	593	200	41	973	912	864	597	268	812	568	74	8	89	798	954	967	345	271	876	402	0	681	929	400	294	850	163	880	130	920	154	205	163	966	404	989	834	533	946	858	15	595	448	775	975	2	849	935	119	363	712	82	343	442	138	
976	854	871	599	931	546	619	357	309	996	121	711	5	293	599	648	811	192	506	325	193	313	311	177	311	976	584	756	325	332	553	171	692	345	225	24	19	956	681	900	130	774	699	539	677	73	269	468	808	973	500	632	327	861	359	74	337	846	623	929	917	170	621	846	631	681	0	57	570	828	82	676	597	462	932	266	973	495	366	185	990	817	228	518	914	724	780	816	358	779	897	184	755	859	356	179	964	666	447	179	
601	68	223	877	13	683	181	915	942	52	694	491	2	516	968	514	451	449	77	285	652	524	310	516	420	907	360	111	625	164	815	168	691	710	526	246	555	809	690	683	245	379	684	523	16	146	573	882	369	586	948	134	239	956	594	629	146	101	735	658	229	989	384	113	943	929	57	0	844	245	155	899	282	92	981	210	191	937	573	697	198	927	775	864	405	143	501	894	756	969	341	424	340	129	295	452	850	328	586	542	
649	335	809	846	523	932	445	429	719	615	684	471	560	902	763	13	811	574	570	578	484	520	529	178	572	262	855	105	975	157	993	149	136	17	691	139	762	105	469	852	906	138	520	256	719	243	502	566	729	505	589	438	571	152	254	952	140	450	4	134	611	811	822	856	182	400	570	844	0	907	149	431	667	554	363	605	708	152	245	895	101	83	415	731	191	330	134	965	538	8	11	283	463	872	204	90	805	944	484	113	
879	53	120	571	390	321	681	749	602	375	119	404	427	504	870	933	857	853	296	707	375	166	987	294	274	646	328	714	410	884	589	331	184	490	184	30	937	186	840	24	25	53	352	99	660	51	38	26	437	638	413	816	656	598	899	902	2	74	73	69	860	339	854	765	462	294	828	245	907	0	194	344	749	636	917	724	834	244	473	984	529	885	861	676	841	304	66	249	905	274	628	595	657	197	845	303	45	53	262	366	
503	519	207	907	80	112	905	922	972	59	716	590	564	318	162	506	756	547	109	935	162	702	508	831	957	615	374	261	622	515	95	916	911	479	794	232	706	113	445	295	618	374	154	759	635	109	679	400	722	476	55	326	136	174	990	892	273	754	5	275	401	948	72	12	631	850	82	155	149	194	0	735	654	151	994	484	716	9	209	914	634	954	304	599	847	560	186	846	71	722	281	590	750	468	868	436	850	153	914	770	
532	494	482	629	386	535	701	997	210	588	401	131	634	205	193	141	66	682	96	91	486	921	727	217	59	13	683	52	92	34	552	936	47	595	59	412	615	573	120	892	777	393	730	39	628	225	676	304	914	363	643	252	549	954	940	127	167	973	554	258	261	7	718	825	247	163	676	899	431	344	735	0	713	966	877	992	431	468	955	186	829	886	65	321	112	564	752	423	766	672	693	613	134	199	803	951	623	177	660	723	
639	391	188	956	568	95	946	792	761	207	729	55	122	686	605	177	135	821	40	597	346	649	726	972	198	878	187	414	850	78	684	894	612	834	979	489	940	978	366	648	656	171	43	951	895	878	82	44	83	756	227	197	41	480	525	540	655	345	52	762	586	4	77	208	423	880	597	282	667	749	654	713	0	913	172	8	501	276	182	877	711	502	403	880	615	121	614	59	786	612	458	759	663	608	483	148	103	502	272	447	
111	363	385	525	731	499	645	110	608	736	777	462	2	925	350	689	242	651	564	933	363	877	730	712	226	640	123	164	834	921	66	624	13	758	80	865	610	799	651	83	438	915	960	746	902	681	827	884	450	500	86	705	569	437	320	358	964	708	51	277	916	629	891	447	101	130	462	92	554	636	151	966	913	0	284	415	997	834	902	52	959	378	678	935	526	174	893	754	946	683	996	415	143	296	882	135	827	782	681	23	
356	456	70	321	115	540	323	76	580	667	387	84	569	776	55	353	53	161	709	185	937	51	41	786	536	406	76	67	304	895	871	490	768	480	311	629	643	76	383	716	735	86	165	240	674	853	792	875	315	201	276	766	741	14	115	144	426	794	346	792	718	590	201	686	277	920	932	981	363	917	994	877	172	284	0	938	983	890	711	687	404	203	789	822	271	206	370	768	376	275	99	502	982	616	907	594	300	945	751	778	
601	283	594	889	891	673	912	272	320	884	748	966	454	292	307	383	262	765	689	879	650	116	173	77	841	672	916	781	667	481	714	429	892	125	957	56	495	45	304	864	180	157	274	467	95	529	792	157	697	128	343	58	732	871	826	309	448	493	708	34	204	749	35	356	154	154	266	210	605	724	484	992	8	415	938	0	55	963	282	62	533	461	409	101	200	560	666	922	122	326	161	365	419	642	963	663	841	894	623	966	
426	924	356	697	745	556	703	64	942	535	673	269	896	342	416	46	440	757	662	438	564	38	940	316	270	259	738	862	42	701	776	807	410	181	20	915	303	839	790	158	667	106	136	372	27	807	625	581	760	212	638	894	543	254	548	43	58	980	400	41	638	392	167	514	994	205	973	191	708	834	716	431	501	997	983	55	0	160	275	49	882	922	540	384	175	257	460	715	828	515	985	848	387	972	9	101	498	306	196	627	
783	468	3	721	185	621	984	9	740	785	759	320	698	892	817	267	745	73	292	922	40	347	916	522	47	703	420	468	397	395	116	581	344	459	732	252	296	637	634	649	275	304	754	827	105	201	357	550	154	494	374	67	14	646	702	374	788	253	745	157	23	282	280	756	408	163	495	937	152	244	9	468	276	834	890	963	160	0	762	133	530	63	142	174	295	810	661	202	267	332	244	302	487	20	878	461	349	468	221	256	
296	552	375	506	123	987	198	361	393	542	100	638	87	291	640	479	927	681	931	964	216	773	161	680	781	900	479	858	367	784	99	60	216	281	205	341	618	209	347	392	262	190	831	107	101	729	272	899	342	816	608	817	505	283	581	738	162	88	594	947	804	633	890	812	787	966	366	573	245	473	209	955	182	902	711	282	275	762	0	863	867	566	886	443	354	367	452	982	267	964	214	734	502	971	30	236	950	917	244	842	
208	713	229	845	664	694	944	370	20	831	965	43	297	523	782	555	716	338	981	576	582	270	41	235	911	152	945	731	382	285	860	597	697	949	925	489	30	699	724	219	893	181	183	418	874	64	880	502	135	195	513	760	718	612	965	315	331	666	187	671	143	303	616	988	217	404	185	697	895	984	914	186	877	52	687	62	49	133	863	0	204	454	680	489	114	550	172	151	635	913	773	399	281	828	163	616	287	521	847	851	
729	999	587	283	512	169	799	517	139	895	25	648	785	479	845	560	235	658	732	936	72	787	91	181	630	954	512	141	476	517	889	87	739	688	512	100	436	757	936	910	522	313	166	453	315	78	486	180	510	892	948	443	533	619	449	192	456	527	908	981	926	778	769	516	327	989	990	198	101	529	634	829	711	959	404	533	882	530	867	204	0	841	813	333	967	408	888	322	335	546	180	367	791	785	185	855	875	266	209	462	
560	427	253	214	797	476	558	381	996	342	309	914	911	365	377	176	736	14	139	111	12	258	576	184	681	142	208	568	425	151	73	934	53	502	577	760	635	255	134	48	778	774	319	792	916	573	65	130	732	999	581	811	394	782	967	755	215	162	487	853	326	779	557	580	30	834	817	927	83	885	954	886	502	378	203	461	922	63	566	454	841	0	929	146	776	410	359	748	414	438	128	438	920	500	363	629	267	267	180	509	
923	40	92	365	125	629	734	978	444	774	484	429	99	175	894	71	659	339	708	401	962	723	273	730	989	939	445	74	168	36	559	812	106	442	863	769	353	671	509	986	993	232	410	871	489	297	916	451	70	522	469	293	727	17	232	890	970	683	22	147	672	298	425	846	580	533	228	775	415	861	304	65	403	678	789	409	540	142	886	680	813	929	0	667	521	439	550	555	755	451	723	685	115	435	365	989	882	363	295	649	
780	405	741	338	751	896	899	535	504	513	711	123	145	862	318	110	199	542	460	887	654	634	695	270	304	659	979	856	394	771	848	331	86	529	850	353	327	100	677	722	167	79	554	384	21	875	986	548	77	396	351	669	205	313	645	783	606	902	660	655	367	396	287	785	979	946	518	864	731	676	599	321	880	935	822	101	384	174	443	489	333	146	667	0	998	137	515	220	981	49	102	27	514	238	823	407	39	942	365	516	
464	107	407	889	818	720	628	928	390	594	196	676	110	512	385	507	48	180	876	557	577	930	281	603	80	168	469	187	293	984	90	846	77	542	480	963	347	403	456	655	875	568	938	317	2	168	654	907	638	138	668	796	446	419	103	767	836	808	1	150	575	404	671	804	908	858	914	405	191	841	847	112	615	526	271	200	175	295	354	114	967	776	521	998	0	588	557	362	498	999	468	730	634	541	124	209	915	88	373	676	
223	106	678	601	370	531	404	754	62	657	962	280	500	556	140	698	726	347	313	571	695	989	421	256	712	701	99	121	732	788	360	659	376	443	353	12	557	697	249	822	166	633	382	855	570	148	332	163	412	763	16	487	305	114	745	623	266	356	92	225	981	682	583	392	386	15	724	143	330	304	560	564	121	174	206	560	257	810	367	550	408	410	439	137	588	0	413	394	820	670	493	936	605	942	275	946	661	831	665	706	
637	80	345	669	586	989	908	459	177	495	97	255	396	724	185	29	361	63	539	616	794	256	161	545	885	191	916	359	545	196	39	896	909	155	858	168	301	353	631	261	133	893	399	753	854	626	483	151	194	812	865	835	684	309	375	321	393	134	450	852	337	808	787	313	90	595	780	501	134	66	186	752	614	893	370	666	460	661	452	172	888	359	550	515	557	413	0	595	137	917	43	856	598	48	100	804	423	752	469	587	
883	444	421	720	16	769	360	665	710	582	344	558	416	610	597	407	514	40	569	279	641	539	956	234	81	262	647	452	649	835	896	49	732	139	629	822	640	844	807	306	516	58	174	655	393	844	711	703	971	670	880	901	396	4	771	641	446	815	552	276	707	952	636	13	967	448	816	894	965	249	846	423	59	754	768	922	715	202	982	151	322	748	555	220	362	394	595	0	47	594	377	192	248	916	477	729	357	371	160	491	
153	655	957	270	23	912	665	713	281	79	389	991	749	483	308	147	246	851	481	18	476	873	437	692	514	864	159	335	111	894	806	91	938	820	930	410	693	235	192	385	873	421	904	856	133	528	346	854	808	262	976	558	623	49	645	929	390	72	535	970	637	586	503	370	942	775	358	756	538	905	71	766	786	946	376	122	828	267	267	635	335	414	755	981	498	820	137	47	0	224	368	180	511	277	593	572	261	583	853	893	
660	952	600	497	122	353	12	477	728	410	566	668	778	186	514	431	686	396	532	119	803	478	665	875	838	993	893	887	249	241	908	119	61	285	684	492	907	991	434	842	674	732	113	662	709	513	554	844	419	545	785	799	4	249	446	879	804	287	359	20	532	362	135	926	299	975	779	969	8	274	722	672	612	683	275	326	515	332	964	913	546	438	451	49	999	670	917	594	224	0	736	626	135	698	963	944	958	794	402	879	
220	229	353	619	728	467	878	184	224	900	238	906	191	95	623	439	593	528	851	274	78	91	379	203	331	106	345	338	266	901	180	916	250	814	625	92	988	389	794	444	634	113	99	846	852	83	77	787	99	707	800	634	935	450	323	699	526	482	240	980	311	70	667	744	597	2	897	341	11	628	281	693	458	996	99	161	985	244	214	773	180	128	723	102	468	493	43	377	368	736	0	524	989	900	35	742	688	38	864	340	
45	234	232	152	345	305	941	565	196	58	514	723	709	40	409	571	165	942	347	282	307	2	583	470	656	815	469	785	879	223	614	534	443	722	677	361	331	687	446	843	875	646	809	449	442	911	666	346	108	689	904	460	277	713	531	818	597	225	893	116	285	799	233	108	175	849	184	424	283	595	590	613	759	415	502	365	848	302	734	399	367	438	685	27	730	936	856	192	180	626	524	0	613	252	507	746	87	292	2	630	
434	989	876	109	997	335	481	560	594	558	859	881	197	571	357	885	799	695	139	776	121	855	888	713	264	703	795	246	751	658	746	287	745	708	5	657	832	78	254	971	420	553	206	518	870	949	923	825	97	678	874	144	675	620	355	339	83	226	203	308	988	712	483	876	741	935	755	340	463	657	750	134	663	143	982	419	387	487	502	281	791	920	115	514	634	605	598	248	511	135	989	613	0	276	908	992	43	939	453	958	
239	963	843	205	29	755	531	166	82	112	388	653	825	432	521	510	546	174	29	549	964	7	978	648	379	286	396	614	418	567	189	623	24	822	33	672	492	934	435	574	946	640	929	639	773	474	125	205	358	585	873	67	19	96	408	587	171	415	18	301	762	349	512	224	156	119	859	129	872	197	468	199	608	296	616	642	972	20	971	828	785	500	435	238	541	942	48	916	277	698	900	252	276	0	341	840	991	574	445	133	
599	858	639	649	806	600	331	201	993	829	573	319	574	855	842	600	345	538	858	728	253	213	99	406	91	579	916	824	308	564	410	986	998	438	977	348	381	83	165	223	970	834	447	958	917	63	182	81	713	55	281	42	864	505	602	149	502	157	76	290	357	946	347	397	300	363	356	295	204	845	868	803	483	882	907	963	9	878	30	163	185	363	365	823	124	275	100	477	593	963	35	507	908	341	0	536	154	319	268	583	
107	798	358	377	347	486	517	39	798	369	393	159	234	467	704	36	398	921	882	143	763	153	566	288	250	147	24	454	509	571	928	726	478	871	16	190	518	677	513	950	444	721	820	815	511	90	349	383	790	498	230	343	220	162	274	796	875	417	722	8	979	745	598	948	990	712	179	452	90	303	436	951	148	135	594	663	101	461	236	616	855	629	989	407	209	946	804	729	572	944	742	746	992	840	536	0	893	979	418	390	
232	105	43	180	410	55	824	32	318	39	214	35	546	731	252	198	965	534	177	935	987	202	721	89	27	495	772	965	277	341	401	321	785	561	377	56	619	31	646	918	177	313	655	7	298	435	313	638	137	241	1000	491	542	209	714	904	35	399	410	649	815	262	707	841	768	82	964	850	805	45	850	623	103	827	300	841	498	349	950	287	875	267	882	39	915	661	423	357	261	958	688	87	43	991	154	893	0	231	9	894	
438	632	454	848	337	85	912	591	377	608	676	470	228	473	853	12	860	624	654	997	625	934	435	86	73	647	180	785	597	797	563	708	950	716	816	664	449	105	417	744	346	887	316	528	529	548	705	455	709	589	28	646	11	309	209	205	260	27	366	89	667	213	721	481	181	343	666	328	944	53	153	177	502	782	945	894	306	468	917	521	266	267	363	942	88	831	752	371	583	794	38	292	939	574	319	979	231	0	975	487	
803	420	159	39	826	210	895	272	852	127	56	36	314	985	215	779	207	946	810	890	510	338	223	677	259	71	570	690	689	54	116	957	442	849	104	977	465	688	692	909	142	180	823	759	90	963	90	699	579	677	279	659	463	942	947	392	135	845	218	290	166	31	794	952	377	442	447	586	484	262	914	660	272	681	751	623	196	221	244	847	209	180	295	365	373	665	469	160	853	402	864	2	453	445	268	418	9	975	0	817	
210	590	984	601	828	532	136	401	114	992	980	456	23	1000	680	378	521	535	949	1000	960	50	466	945	279	337	301	689	305	14	619	50	994	459	556	510	718	405	110	430	329	196	893	481	307	155	372	788	641	808	877	217	571	288	148	594	568	235	546	698	551	567	816	434	379	138	179	542	113	366	770	723	447	23	778	966	627	256	842	851	462	509	649	516	676	706	587	491	893	879	340	630	958	133	583	390	894	487	817	0	
