150
0	718	658	717	608	606	344	857	329	240	49	801	110	168	793	898	418	320	865	104	815	102	883	773	695	251	606	531	768	133	396	703	623	583	394	998	700	183	15	308	623	409	681	210	609	458	45	296	743	184	373	764	754	256	767	449	114	895	659	204	428	245	53	267	745	311	932	927	985	700	914	235	168	875	974	893	968	203	534	573	423	842	832	419	555	442	315	390	971	441	737	154	951	968	496	322	259	358	330	991	32	877	1	415	363	630	839	537	314	441	173	416	284	320	202	686	97	372	47	923	402	63	736	46	930	644	117	563	877	780	914	630	567	419	892	495	921	266	157	319	240	358	762	689	926	168	411	668	492	974	
718	0	906	553	160	539	824	104	884	603	588	23	855	697	749	381	785	244	786	68	97	743	616	974	496	888	917	666	27	76	890	30	13	393	886	887	772	707	136	575	797	155	5	678	530	61	867	268	35	721	5	830	923	781	336	31	996	953	141	721	813	795	577	156	323	219	865	478	310	241	81	963	582	758	47	607	13	425	340	338	599	667	755	884	279	5	477	969	883	384	596	174	819	676	606	757	86	262	844	749	927	412	268	566	774	155	283	67	265	171	207	896	684	648	597	974	590	101	398	133	926	228	256	218	894	369	922	265	823	312	943	301	549	324	342	933	909	2	169	721	20	516	710	574	962	146	675	789	55	590	
658	906	0	733	819	588	55	754	685	661	657	669	442	285	75	170	837	955	913	922	179	916	170	209	106	560	277	663	955	729	392	324	353	722	57	848	882	797	808	537	350	824	620	726	301	384	541	116	6	158	715	359	366	417	285	331	165	245	332	315	719	514	297	930	633	416	988	848	435	106	719	479	861	632	706	247	581	961	80	726	560	560	98	508	886	431	346	583	19	209	163	186	267	469	759	299	238	272	633	573	381	297	164	267	740	643	195	582	880	551	811	136	962	800	494	962	924	971	409	364	124	438	80	995	791	744	121	288	648	970	606	598	881	781	39	780	680	731	663	124	518	82	70	994	245	599	935	817	384	911	
717	553	733	0	674	659	879	924	997	504	506	349	175	945	750	271	125	541	350	963	152	179	788	776	591	233	72	715	641	676	152	987	53	137	961	354	94	876	92	737	121	439	653	291	465	133	376	710	469	216	301	877	296	280	38	41	217	4	445	1000	524	838	300	542	545	258	143	796	299	239	445	263	796	265	727	435	215	374	695	903	518	944	429	482	477	786	582	262	918	39	263	420	703	791	712	616	705	483	676	198	674	395	23	429	430	486	785	644	865	234	51	10	216	13	991	970	920	987	445	791	671	672	475	916	306	968	285	943	662	621	325	679	748	578	557	940	495	270	138	406	303	242	195	736	875	982	803	158	530	289	
608	160	819	674	0	827	757	978	744	988	826	749	153	858	733	377	216	885	287	567	370	181	115	831	592	355	673	401	974	520	864	103	149	400	325	193	757	31	367	713	831	567	949	592	250	376	42	640	548	938	999	861	244	671	514	110	397	28	326	479	662	289	955	412	312	879	143	15	271	74	69	346	477	167	477	684	51	727	700	613	169	556	486	108	24	980	313	68	598	76	404	842	121	479	880	306	240	823	285	546	599	307	696	415	497	66	299	15	931	902	157	751	598	604	348	702	189	164	697	41	912	604	643	704	57	634	359	193	437	609	510	556	628	27	855	55	445	800	766	794	155	302	333	342	93	506	346	17	805	222	
606	539	588	659	827	0	161	965	726	579	708	35	60	9	584	313	447	404	578	27	368	401	162	465	375	698	86	750	107	502	762	809	180	637	935	879	286	258	281	840	463	922	422	17	771	732	364	203	245	865	410	625	945	6	385	215	544	808	468	985	755	951	758	874	588	934	731	95	473	554	178	267	282	112	73	516	790	572	50	765	80	208	85	533	840	58	997	936	247	41	511	893	491	505	944	88	316	124	815	153	254	796	747	676	312	422	342	610	764	473	306	504	473	136	147	79	653	948	853	860	750	494	743	777	291	427	257	371	870	424	426	293	173	544	733	565	489	76	372	365	463	18	805	221	373	146	300	111	871	173	
344	824	55	879	757	161	0	50	283	51	822	157	924	482	85	408	939	184	610	964	667	893	767	886	564	645	393	467	292	77	664	834	315	7	525	409	389	568	172	531	333	424	474	136	72	281	328	725	144	771	945	293	179	200	72	576	835	420	950	628	119	615	43	457	785	102	282	801	425	702	258	784	274	339	385	528	940	24	804	8	98	575	485	206	181	460	244	178	905	189	810	246	253	437	426	283	697	353	752	733	411	122	150	609	667	308	52	805	160	399	408	442	354	44	543	886	473	698	939	613	901	297	598	945	856	94	725	999	482	729	528	851	523	724	441	815	902	45	459	440	116	981	837	450	686	130	759	750	71	522	
857	104	754	924	978	965	50	0	988	416	17	360	961	741	535	420	29	69	636	398	457	37	386	596	666	593	972	533	381	528	408	700	266	536	311	520	956	836	976	195	328	363	276	194	36	347	346	669	298	37	486	568	412	795	838	177	234	375	702	955	619	630	84	602	976	53	438	639	55	418	634	566	70	311	534	423	518	634	562	218	899	992	194	647	593	628	168	724	425	674	514	304	996	465	872	856	423	824	177	183	231	160	406	604	735	426	15	335	128	939	437	259	841	333	519	314	383	896	649	917	998	545	130	772	593	681	20	982	166	289	706	280	917	420	709	163	483	423	7	25	842	756	676	408	539	5	821	987	31	423	
329	884	685	997	744	726	283	988	0	231	788	514	124	404	519	49	390	457	387	478	433	31	866	337	488	333	452	113	323	862	790	891	743	663	96	50	263	525	48	736	962	852	721	12	92	490	512	725	329	557	601	198	15	994	76	970	580	824	798	833	464	68	430	68	20	535	181	606	907	117	153	259	727	431	220	869	136	907	920	308	465	913	734	414	875	266	320	89	838	941	883	492	957	178	17	420	865	874	333	774	49	222	928	615	25	31	676	404	328	470	880	976	158	870	323	16	166	887	204	221	104	892	41	578	994	38	54	788	488	714	881	602	114	528	36	381	693	238	834	42	981	901	334	694	233	683	952	370	583	960	
240	603	661	504	988	579	51	416	231	0	609	687	377	564	193	522	80	401	855	499	561	301	737	475	69	556	804	853	197	83	558	919	253	911	426	688	905	823	861	412	598	655	918	830	586	135	379	93	726	548	162	674	146	869	700	953	426	888	137	886	160	278	832	506	83	884	38	742	86	748	177	559	299	275	253	483	586	156	527	3	60	893	760	225	469	97	692	467	314	246	603	593	439	287	992	452	716	732	320	591	385	361	613	331	15	652	164	805	697	467	148	835	219	150	633	551	754	344	215	162	564	412	578	877	513	22	261	812	714	735	625	836	801	781	233	887	689	755	549	677	399	284	643	581	418	630	804	612	847	724	
49	588	657	506	826	708	822	17	788	609	0	198	750	392	468	405	899	862	75	216	515	180	6	346	29	334	346	525	795	506	614	966	771	565	879	301	410	417	244	499	858	526	796	385	886	791	165	398	842	822	558	553	664	299	719	608	281	72	71	25	801	264	326	15	318	530	900	224	826	521	970	212	526	798	568	407	866	832	246	139	915	962	495	88	236	29	419	974	960	336	724	461	519	542	891	498	271	95	516	940	44	881	615	408	651	528	32	18	395	827	361	949	886	9	895	757	383	644	714	810	459	141	753	608	205	457	70	717	373	682	573	795	617	425	355	823	983	578	628	320	49	704	453	884	474	852	212	615	360	728	
801	23	669	349	749	35	157	360	514	687	198	0	45	222	962	896	590	899	292	443	989	18	161	646	904	19	576	89	430	392	602	439	244	306	579	704	834	503	495	609	119	840	135	407	450	512	676	936	115	886	83	11	610	407	426	568	254	733	522	962	912	325	77	828	520	88	378	306	112	568	718	26	505	190	781	123	803	25	298	61	657	705	291	681	259	700	985	426	653	409	998	603	473	564	536	323	9	362	477	839	31	413	775	543	472	82	778	860	574	72	315	999	294	916	36	590	26	915	445	123	279	103	189	421	849	558	594	35	245	479	317	710	631	39	713	62	806	283	13	680	301	703	776	103	19	126	309	345	437	339	
110	855	442	175	153	60	924	961	124	377	750	45	0	136	491	291	295	919	599	144	723	660	396	213	377	978	567	553	718	213	881	42	683	247	193	351	468	681	956	577	600	47	706	14	227	711	826	64	48	419	169	526	979	629	71	650	110	715	674	267	458	139	991	163	520	416	782	692	656	357	70	390	490	57	905	644	340	852	817	192	548	562	171	228	750	494	419	970	391	120	72	78	770	914	545	835	691	863	680	123	59	156	118	868	764	20	23	583	174	727	848	714	329	859	726	384	195	198	960	271	516	498	576	659	904	754	390	705	676	268	894	46	205	920	467	97	278	560	915	615	497	295	461	886	352	999	265	659	443	246	
168	697	285	945	858	9	482	741	404	564	392	222	136	0	143	168	900	25	386	976	842	364	302	173	307	792	744	692	358	278	877	687	544	172	54	428	508	773	434	412	624	541	228	550	126	166	575	956	81	284	407	831	73	8	754	783	840	699	862	589	517	657	109	621	121	760	383	470	449	705	166	980	811	990	672	687	916	741	328	381	945	732	694	158	52	437	608	63	346	892	425	633	955	967	778	938	762	637	462	93	294	354	754	494	695	418	428	1000	149	547	635	938	805	1	543	191	277	196	195	757	19	452	920	89	144	912	732	56	499	219	859	177	524	8	220	770	645	608	640	248	200	418	190	803	253	130	563	992	674	852	
793	749	75	750	733	584	85	535	519	193	468	962	491	143	0	1000	593	705	98	148	747	596	989	979	142	556	865	759	506	50	748	287	144	453	985	229	791	182	207	316	368	72	31	441	995	213	230	209	211	604	423	684	768	23	414	688	348	508	344	585	625	594	446	600	632	959	612	194	356	943	797	794	473	632	257	177	927	828	714	397	4	734	963	184	376	408	498	258	970	749	527	609	980	74	693	969	698	427	426	847	201	67	626	570	710	419	536	12	884	191	407	140	42	70	125	848	932	705	505	946	824	861	463	880	780	452	410	129	559	704	74	812	181	410	854	819	351	42	235	568	26	248	509	103	150	867	957	957	554	136	
898	381	170	271	377	313	408	420	49	522	405	896	291	168	1000	0	29	7	175	13	840	525	674	886	5	280	341	759	541	722	520	27	202	573	116	229	131	248	881	678	405	717	297	38	917	798	268	358	147	89	733	957	985	217	532	41	677	15	694	448	986	288	274	16	646	329	709	60	871	457	273	360	343	38	505	383	866	507	392	370	502	536	195	868	403	402	132	316	882	621	176	747	210	303	27	903	185	278	51	502	512	221	394	215	522	587	408	286	79	997	848	302	684	853	401	508	469	914	81	849	869	82	565	448	189	101	500	257	611	773	508	877	285	875	732	131	471	507	925	250	162	258	387	856	917	471	16	987	735	288	
418	785	837	125	216	447	939	29	390	80	899	590	295	900	593	29	0	50	814	142	543	620	534	2	29	779	381	206	92	666	391	528	227	912	499	438	942	887	901	971	293	361	937	842	54	542	610	859	445	313	588	764	539	548	38	906	44	945	549	40	213	787	69	518	238	852	449	230	429	880	749	163	483	185	721	195	891	541	193	439	312	973	283	520	142	7	648	564	884	750	303	977	504	425	127	641	875	609	611	911	431	935	659	873	686	877	584	967	197	251	744	947	665	966	515	753	976	636	404	513	828	243	156	138	331	506	596	457	882	1000	586	106	108	764	79	807	605	516	942	639	652	826	622	264	520	60	403	64	202	291	
320	244	955	541	885	404	184	69	457	401	862	899	919	25	705	7	50	0	234	696	4	302	124	666	152	712	398	165	620	975	246	159	12	63	648	146	257	318	178	250	865	473	540	910	510	391	37	844	835	740	418	466	781	177	959	963	190	938	35	374	224	88	663	205	696	512	56	180	433	795	645	865	67	776	330	812	274	391	775	742	356	39	355	47	142	411	685	986	526	296	436	332	374	186	949	941	567	703	645	69	5	292	735	571	258	302	712	306	69	92	946	430	940	620	30	606	847	915	757	953	239	41	577	925	831	716	183	782	266	748	112	685	621	983	808	177	294	373	758	602	390	359	150	371	155	203	619	183	200	899	
865	786	913	350	287	578	610	636	387	855	75	292	599	386	98	175	814	234	0	441	104	265	255	625	452	362	728	182	705	824	671	273	771	10	181	728	355	496	220	124	313	581	422	418	518	497	653	346	691	586	474	431	167	773	625	798	383	119	101	266	942	969	712	63	943	443	494	558	496	111	59	657	466	994	42	360	150	695	352	90	986	165	280	463	732	857	359	734	527	959	779	491	980	125	328	772	994	504	363	171	249	548	555	254	491	598	116	246	268	100	597	85	796	943	789	11	810	7	114	658	635	888	306	185	635	877	725	574	356	322	58	640	821	678	354	235	692	368	834	621	431	528	437	913	255	938	609	746	503	175	
104	68	922	963	567	27	964	398	478	499	216	443	144	976	148	13	142	696	441	0	992	914	100	157	826	107	445	736	25	998	868	104	989	770	677	997	785	968	14	360	294	301	688	956	598	815	910	245	876	611	171	240	314	734	953	91	315	58	503	910	562	460	779	66	322	644	304	1	392	13	345	407	582	301	647	287	794	615	407	273	630	823	432	242	616	165	403	332	45	575	164	1000	890	728	440	273	131	309	751	579	472	745	676	188	924	143	403	121	415	256	106	204	671	798	691	917	651	449	761	527	424	159	33	605	543	921	380	564	15	84	18	778	231	661	944	159	911	617	380	219	607	340	241	304	167	688	615	162	617	640	
815	97	179	152	370	368	667	457	433	561	515	989	723	842	747	840	543	4	104	992	0	516	708	924	821	513	413	739	817	534	627	478	722	432	878	94	681	188	552	662	948	956	804	425	513	913	381	423	684	425	336	700	915	796	380	618	840	562	880	677	6	247	391	551	551	577	16	238	5	857	984	899	168	832	492	445	616	405	785	733	180	836	959	994	338	904	662	872	695	92	319	237	505	199	630	868	331	62	95	750	257	575	543	941	741	203	363	154	305	634	719	298	302	582	712	885	324	249	450	960	139	576	42	283	914	549	435	892	558	287	643	701	413	69	931	708	170	819	122	26	124	931	620	151	219	191	738	132	643	646	
102	743	916	179	181	401	893	37	31	301	180	18	660	364	596	525	620	302	265	914	516	0	953	912	124	278	983	663	184	561	899	455	767	139	117	381	336	11	630	416	929	688	473	980	968	262	777	851	299	216	341	14	485	88	922	666	410	949	776	369	925	141	736	453	463	299	668	293	475	946	663	649	224	75	742	920	855	3	791	629	181	697	753	493	323	206	421	684	420	134	980	681	95	366	665	847	118	471	144	853	166	826	366	824	536	36	723	663	455	403	38	247	707	1	903	280	357	505	595	568	156	400	851	791	7	191	718	963	244	382	17	765	97	242	924	651	313	650	367	311	489	654	204	296	987	985	647	231	530	665	
883	616	170	788	115	162	767	386	866	737	6	161	396	302	989	674	534	124	255	100	708	953	0	827	213	48	340	574	107	861	510	8	194	553	784	760	877	75	427	760	747	506	21	554	345	869	283	291	735	406	760	999	722	516	5	653	115	33	802	724	253	209	787	422	300	28	686	468	789	566	556	379	256	37	511	629	533	554	531	610	590	12	767	905	809	265	254	546	370	551	193	110	838	722	735	929	338	622	424	702	781	80	142	363	691	96	269	327	788	930	509	250	252	661	934	772	532	154	243	897	906	777	641	930	380	193	866	271	730	791	517	180	117	786	641	306	394	612	474	312	772	195	202	378	641	176	212	168	379	911	
773	974	209	776	831	465	886	596	337	475	346	646	213	173	979	886	2	666	625	157	924	912	827	0	285	570	715	393	604	82	921	303	171	274	966	495	350	553	277	740	380	648	775	249	556	481	367	974	770	474	813	886	577	822	287	616	491	277	621	277	255	622	411	313	747	538	132	430	26	162	421	581	95	603	609	638	739	817	131	707	548	794	656	87	798	925	406	236	222	507	352	118	101	836	788	610	97	509	150	492	674	49	694	839	700	701	735	221	272	72	842	721	976	675	355	579	131	62	641	861	405	827	628	36	899	638	434	465	366	645	3	384	982	109	222	624	440	781	827	100	659	391	26	466	135	228	228	434	391	47	
695	496	106	591	592	375	564	666	488	69	29	904	377	307	142	5	29	152	452	826	821	124	213	285	0	41	393	145	349	305	423	900	636	951	501	873	249	811	779	357	6	279	937	278	996	156	420	427	845	125	740	49	414	892	924	651	322	172	929	722	498	840	174	910	364	922	231	811	402	222	317	536	797	423	434	276	273	594	829	897	434	794	768	613	199	332	56	7	559	516	381	287	473	751	155	761	824	611	751	780	727	19	910	742	929	360	51	674	852	77	175	412	855	441	286	364	633	594	647	346	284	304	780	633	323	623	964	542	871	498	277	19	696	52	437	991	850	544	683	353	822	605	810	573	963	386	758	14	76	328	
251	888	560	233	355	698	645	593	333	556	334	19	978	792	556	280	779	712	362	107	513	278	48	570	41	0	177	276	563	447	816	959	870	409	474	133	130	47	449	177	789	232	820	557	401	881	275	65	509	314	357	4	310	701	927	145	430	244	934	734	779	843	759	642	252	660	524	901	80	402	186	309	567	608	641	734	580	258	428	273	92	636	641	120	376	138	962	520	377	656	870	680	317	835	2	393	916	223	228	775	433	923	601	344	669	754	293	610	622	707	91	9	520	371	526	825	802	665	384	1	213	242	280	793	720	215	57	637	855	548	128	707	525	954	390	617	208	151	136	298	148	316	339	787	595	383	308	352	923	466	
606	917	277	72	673	86	393	972	452	804	346	576	567	744	865	341	381	398	728	445	413	983	340	715	393	177	0	63	397	240	444	357	82	460	295	556	670	604	682	578	903	693	519	601	641	447	39	266	166	480	549	363	684	124	368	322	653	772	709	759	155	844	373	333	578	937	763	250	659	11	736	128	830	896	394	938	31	890	795	282	605	329	622	706	263	995	391	874	239	771	475	818	596	416	669	944	266	480	827	244	485	773	192	602	278	558	36	920	581	889	625	289	31	640	967	801	650	409	42	538	879	42	362	238	447	733	804	126	762	112	375	530	595	593	825	794	760	728	115	261	488	37	570	359	654	515	464	200	685	573	
531	666	663	715	401	750	467	533	113	853	525	89	553	692	759	759	206	165	182	736	739	663	574	393	145	276	63	0	819	859	364	401	347	372	613	810	154	854	97	18	47	220	918	951	11	998	347	221	752	951	58	309	735	300	703	989	209	39	313	311	744	117	511	590	231	692	101	975	87	306	399	309	395	242	485	479	494	16	599	709	52	175	539	689	823	192	133	19	747	110	422	456	979	328	160	747	421	22	632	636	875	160	53	793	956	716	969	514	547	846	638	329	566	932	818	706	905	82	990	495	604	788	3	687	979	547	942	472	844	74	494	514	854	369	699	974	480	577	449	239	576	529	70	376	61	112	656	502	583	292	
768	27	955	641	974	107	292	381	323	197	795	430	718	358	506	541	92	620	705	25	817	184	107	604	349	563	397	819	0	810	232	757	106	225	692	799	31	978	291	878	911	686	568	424	85	536	981	169	882	182	919	54	72	63	610	291	489	989	696	592	340	154	974	863	913	895	240	97	772	179	662	346	719	81	910	890	499	485	405	205	343	528	824	285	221	42	416	151	656	160	517	732	19	838	930	864	478	694	409	592	34	250	200	55	568	190	357	314	468	26	534	454	488	790	308	942	990	454	409	825	861	849	975	866	857	237	931	82	660	13	826	836	817	382	986	495	115	702	108	362	425	893	817	994	268	377	267	223	596	5	
133	76	729	676	520	502	77	528	862	83	506	392	213	278	50	722	666	975	824	998	534	561	861	82	305	447	240	859	810	0	597	408	704	217	157	996	117	752	273	356	666	349	656	749	89	560	491	137	903	944	139	832	1000	153	629	659	685	872	907	466	295	956	220	982	673	760	928	649	801	502	948	973	359	838	149	315	89	791	883	901	830	117	203	822	329	284	506	424	393	500	750	69	543	61	375	74	839	917	463	258	179	704	573	903	956	23	560	350	794	108	26	691	446	597	667	490	286	167	216	17	705	892	860	34	68	864	157	429	932	1	250	549	492	525	228	865	257	625	530	502	148	567	945	859	352	399	139	902	477	329	
396	890	392	152	864	762	664	408	790	558	614	602	881	877	748	520	391	246	671	868	627	899	510	921	423	816	444	364	232	597	0	920	149	213	553	611	656	565	701	287	237	262	963	89	547	484	230	687	259	254	235	169	555	599	479	591	206	340	179	76	881	248	931	705	678	701	931	157	134	3	627	948	443	261	164	325	948	98	35	888	469	218	86	439	54	867	717	381	746	250	539	709	155	981	84	356	747	536	577	729	966	550	258	252	903	483	908	845	977	856	715	694	95	847	585	612	909	639	872	353	712	114	644	118	979	261	229	584	876	439	452	640	711	646	3	471	458	135	298	849	456	940	839	130	649	955	13	734	401	572	
703	30	324	987	103	809	834	700	891	919	966	439	42	687	287	27	528	159	273	104	478	455	8	303	900	959	357	401	757	408	920	0	633	13	552	11	377	392	979	407	757	261	642	554	923	209	297	235	758	574	394	240	686	386	42	807	230	218	163	943	826	167	107	362	871	793	931	678	488	697	610	13	389	723	227	305	535	836	252	460	442	688	984	943	530	975	992	417	201	72	117	99	583	351	202	905	323	284	191	971	137	980	160	869	869	467	640	844	167	697	632	506	768	405	717	812	155	984	393	698	391	804	904	62	556	500	693	369	676	309	430	562	893	798	518	576	196	148	497	67	644	585	397	757	471	478	992	695	836	630	
623	13	353	53	149	180	315	266	743	253	771	244	683	544	144	202	227	12	771	989	722	767	194	171	636	870	82	347	106	704	149	633	0	396	849	697	685	434	362	355	144	190	657	180	551	423	83	196	953	866	166	395	886	935	597	429	531	36	869	544	586	960	631	482	600	755	272	503	379	300	109	297	123	596	643	104	687	161	677	893	324	293	175	513	962	768	107	627	648	171	234	538	337	223	246	880	430	589	405	520	782	847	840	273	819	950	469	978	255	622	449	241	103	879	410	391	351	566	925	982	358	723	211	958	500	364	282	988	737	778	889	716	951	793	907	881	930	590	784	354	791	693	552	903	27	145	649	356	189	575	
583	393	722	137	400	637	7	536	663	911	565	306	247	172	453	573	912	63	10	770	432	139	553	274	951	409	460	372	225	217	213	13	396	0	195	413	399	213	434	404	841	878	604	406	375	873	636	316	101	916	550	361	463	987	667	343	221	550	23	648	143	369	402	529	541	493	484	481	515	527	269	963	219	15	428	375	51	956	293	800	680	135	360	826	203	141	8	778	171	745	561	955	43	433	686	54	166	767	714	617	296	315	589	515	255	238	625	311	546	474	246	743	992	121	586	796	781	420	125	51	656	582	677	409	632	351	21	866	520	756	387	198	416	895	466	430	663	923	653	965	886	172	845	442	110	228	525	734	605	256	
394	886	57	961	325	935	525	311	96	426	879	579	193	54	985	116	499	648	181	677	878	117	784	966	501	474	295	613	692	157	553	552	849	195	0	915	809	693	349	2	233	125	901	894	158	452	342	664	703	19	349	243	401	922	198	318	570	174	928	251	449	194	559	662	672	627	217	170	492	152	14	593	829	282	225	299	377	737	548	825	21	863	659	2	615	369	176	853	462	594	687	288	875	634	362	304	356	880	400	722	797	371	993	554	2	176	605	962	764	615	918	966	216	254	339	325	510	338	343	74	847	875	457	587	856	752	173	642	631	707	267	675	676	382	686	877	434	422	312	116	582	254	676	606	991	39	36	301	86	23	
998	887	848	354	193	879	409	520	50	688	301	704	351	428	229	229	438	146	728	997	94	381	760	495	873	133	556	810	799	996	611	11	697	413	915	0	244	380	648	520	847	982	553	795	440	755	292	460	347	796	408	376	478	209	445	180	290	729	120	447	494	850	923	147	694	450	368	616	567	597	887	114	831	807	846	172	827	540	1	340	537	430	994	473	663	248	530	226	243	505	689	985	796	690	995	513	857	331	868	163	753	899	765	783	450	671	710	753	214	781	62	858	27	121	994	953	754	880	826	41	547	651	858	53	454	470	600	689	901	10	889	482	920	47	585	737	41	614	610	804	466	918	188	534	147	381	223	329	784	42	
700	772	882	94	757	286	389	956	263	905	410	834	468	508	791	131	942	257	355	785	681	336	877	350	249	130	670	154	31	117	656	377	685	399	809	244	0	877	256	570	113	755	529	253	654	305	467	570	517	528	477	174	457	595	960	843	716	802	285	357	439	267	969	751	762	753	504	159	94	330	512	352	569	995	456	263	594	15	488	136	853	136	50	65	897	917	746	623	24	260	851	184	23	522	74	833	783	985	310	577	979	545	760	693	204	219	567	469	457	809	935	7	826	90	499	595	22	845	705	287	92	59	550	156	167	890	73	448	702	271	44	645	531	756	728	297	937	626	760	72	836	712	305	888	908	789	816	283	538	547	
183	707	797	876	31	258	568	836	525	823	417	503	681	773	182	248	887	318	496	968	188	11	75	553	811	47	604	854	978	752	565	392	434	213	693	380	877	0	988	34	974	757	662	695	720	410	199	716	45	290	625	186	164	296	760	397	426	137	394	254	907	316	868	617	146	890	151	25	875	600	292	664	695	171	92	979	719	67	299	892	309	747	205	10	183	983	441	359	829	999	221	881	734	156	746	331	253	609	122	4	978	220	160	809	782	444	207	862	487	180	997	530	725	65	328	604	780	969	970	849	811	717	457	32	732	177	67	767	750	417	736	318	215	30	912	468	501	673	535	882	535	14	461	781	31	229	771	208	731	814	
15	136	808	92	367	281	172	976	48	861	244	495	956	434	207	881	901	178	220	14	552	630	427	277	779	449	682	97	291	273	701	979	362	434	349	648	256	988	0	787	129	236	515	479	770	671	962	805	723	587	42	466	278	305	62	412	172	618	281	68	862	190	473	172	629	233	782	397	742	699	21	949	65	240	480	823	609	973	200	714	369	756	774	943	180	90	222	837	350	639	949	959	1	669	868	689	659	4	221	607	342	934	430	287	351	695	420	255	508	415	58	858	704	451	386	959	1000	528	587	442	195	34	612	752	789	540	384	581	749	824	602	656	360	106	58	177	981	744	401	937	179	357	273	611	791	670	449	538	467	700	
308	575	537	737	713	840	531	195	736	412	499	609	577	412	316	678	971	250	124	360	662	416	760	740	357	177	578	18	878	356	287	407	355	404	2	520	570	34	787	0	112	492	35	316	535	989	625	27	380	494	684	909	772	264	828	704	97	76	82	196	812	724	478	583	293	895	528	310	321	97	987	38	923	97	30	196	934	72	893	169	321	159	776	211	300	311	67	872	842	446	614	204	536	865	549	460	669	941	714	611	314	979	185	94	788	916	173	660	584	400	657	896	382	309	938	881	81	606	771	337	998	138	832	581	475	839	912	709	130	526	373	477	605	224	901	307	348	146	518	658	53	765	733	22	844	762	680	880	500	420	
623	797	350	121	831	463	333	328	962	598	858	119	600	624	368	405	293	865	313	294	948	929	747	380	6	789	903	47	911	666	237	757	144	841	233	847	113	974	129	112	0	389	949	676	469	130	418	557	286	143	706	275	505	969	852	90	33	424	470	419	533	259	415	631	888	850	716	395	877	580	369	732	417	586	210	397	377	427	770	503	6	194	179	649	510	494	647	688	69	24	728	224	132	346	123	699	416	22	498	130	326	812	777	210	958	704	441	553	805	547	500	289	264	769	208	131	253	540	280	880	156	655	878	92	847	405	710	596	694	642	775	785	862	154	739	926	98	609	618	479	546	611	137	914	715	789	993	314	223	531	
409	155	824	439	567	922	424	363	852	655	526	840	47	541	72	717	361	473	581	301	956	688	506	648	279	232	693	220	686	349	262	261	190	878	125	982	755	757	236	492	389	0	133	633	511	19	307	294	590	586	607	216	992	854	309	738	475	444	926	591	517	307	300	847	166	801	249	403	479	620	389	125	219	723	631	940	117	502	750	743	818	643	751	247	513	19	978	770	776	356	209	245	128	792	705	274	547	206	372	571	605	848	301	437	122	740	629	816	46	703	134	222	835	927	815	330	614	711	551	76	914	161	733	650	770	39	863	248	113	674	545	491	532	503	825	530	354	503	793	838	603	437	668	692	719	854	437	969	352	420	
681	5	620	653	949	422	474	276	721	918	796	135	706	228	31	297	937	540	422	688	804	473	21	775	937	820	519	918	568	656	963	642	657	604	901	553	529	662	515	35	949	133	0	148	485	51	963	378	891	443	472	999	432	367	190	546	490	164	603	105	19	118	530	449	70	251	970	216	753	864	672	529	387	712	152	473	240	962	466	992	779	75	195	617	131	589	800	653	457	566	842	476	1	691	943	502	599	150	549	530	644	973	765	741	833	374	597	421	683	432	670	462	680	523	63	413	520	139	154	883	536	265	670	324	139	667	924	56	306	388	870	946	14	527	277	455	346	408	426	937	870	324	943	109	986	106	382	898	720	922	
210	678	726	291	592	17	136	194	12	830	385	407	14	550	441	38	842	910	418	956	425	980	554	249	278	557	601	951	424	749	89	554	180	406	894	795	253	695	479	316	676	633	148	0	498	988	126	181	214	919	42	180	259	183	326	446	845	919	918	853	256	25	223	120	223	622	963	582	253	62	578	537	672	473	187	385	610	223	187	163	818	422	725	913	562	994	820	803	66	794	285	287	46	609	551	437	91	657	527	622	864	647	664	223	899	659	88	56	401	814	937	290	41	345	77	855	283	803	739	796	413	35	450	781	359	799	907	984	48	885	309	13	408	928	171	500	480	326	232	239	846	255	613	498	893	320	394	80	469	960	
609	530	301	465	250	771	72	36	92	586	886	450	227	126	995	917	54	510	518	598	513	968	345	556	996	401	641	11	85	89	547	923	551	375	158	440	654	720	770	535	469	511	485	498	0	524	992	375	922	158	528	435	693	963	848	861	497	154	794	582	475	819	864	351	234	762	319	291	11	714	955	365	98	611	436	232	250	942	351	726	391	560	799	419	890	574	509	746	36	857	389	680	126	890	44	824	265	535	455	375	818	526	758	897	784	841	313	284	265	482	297	691	33	913	946	749	493	693	143	368	935	312	695	831	155	613	623	500	113	46	656	106	379	361	394	378	370	299	185	400	797	192	183	407	722	185	330	467	575	223	
458	61	384	133	376	732	281	347	490	135	791	512	711	166	213	798	542	391	497	815	913	262	869	481	156	881	447	998	536	560	484	209	423	873	452	755	305	410	671	989	130	19	51	988	524	0	855	837	746	591	223	996	640	319	185	889	668	432	169	788	136	556	584	446	432	146	835	262	373	607	984	296	520	447	158	675	712	933	676	18	605	407	261	733	93	54	939	257	632	700	626	861	799	471	902	654	970	413	824	542	562	824	444	928	76	412	414	615	447	542	799	223	536	112	178	900	68	658	556	10	597	803	899	293	281	721	694	306	800	541	22	814	596	194	396	389	389	735	395	285	366	563	878	445	450	1	117	256	84	764	
45	867	541	376	42	364	328	346	512	379	165	676	826	575	230	268	610	37	653	910	381	777	283	367	420	275	39	347	981	491	230	297	83	636	342	292	467	199	962	625	418	307	963	126	992	855	0	636	846	509	797	941	956	534	714	928	619	625	841	383	951	283	326	439	913	349	177	708	359	251	532	499	426	76	939	766	320	396	260	708	140	430	681	15	251	710	884	498	327	502	338	867	193	631	155	29	483	498	442	505	36	159	8	638	359	335	269	430	518	533	289	691	947	82	328	162	944	233	917	766	80	143	624	281	613	615	570	87	298	662	568	251	348	114	111	733	117	192	440	652	569	223	556	505	77	463	17	36	636	262	
296	268	116	710	640	203	725	669	725	93	398	936	64	956	209	358	859	844	346	245	423	851	291	974	427	65	266	221	169	137	687	235	196	316	664	460	570	716	805	27	557	294	378	181	375	837	636	0	293	484	508	76	770	745	577	21	555	227	8	87	542	720	463	644	146	154	323	506	539	824	25	466	484	927	785	302	901	999	992	694	749	866	461	484	417	619	822	63	45	460	476	909	754	467	77	13	49	429	280	20	63	346	806	997	362	964	543	606	75	331	274	393	580	290	234	137	148	880	685	230	305	487	14	314	701	121	22	220	940	780	814	829	452	235	128	58	894	784	271	273	740	14	116	263	36	60	338	457	956	279	
743	35	6	469	548	245	144	298	329	726	842	115	48	81	211	147	445	835	691	876	684	299	735	770	845	509	166	752	882	903	259	758	953	101	703	347	517	45	723	380	286	590	891	214	922	746	846	293	0	564	746	86	710	918	908	54	396	426	306	265	593	124	382	481	514	575	855	647	483	105	853	504	418	908	944	226	406	735	453	704	416	461	570	701	920	164	885	894	475	785	975	731	715	930	247	103	520	563	101	909	854	397	715	918	919	716	507	216	258	368	789	665	363	671	167	949	374	712	91	940	694	891	739	296	155	632	416	909	668	573	243	993	848	947	883	638	203	131	601	630	703	629	177	519	577	394	738	655	254	739	
184	721	158	216	938	865	771	37	557	548	822	886	419	284	604	89	313	740	586	611	425	216	406	474	125	314	480	951	182	944	254	574	866	916	19	796	528	290	587	494	143	586	443	919	158	591	509	484	564	0	958	785	862	672	310	712	80	614	160	132	150	683	235	3	345	307	965	194	504	113	306	347	294	126	288	817	522	357	985	970	906	867	272	197	402	121	439	524	122	476	945	947	702	574	764	834	922	174	225	591	901	918	206	272	205	683	75	288	972	890	813	999	370	169	8	351	515	524	312	764	73	730	281	635	677	759	21	871	314	762	742	408	251	937	157	101	79	804	146	299	553	920	165	406	77	470	653	295	711	843	
373	5	715	301	999	410	945	486	601	162	558	83	169	407	423	733	588	418	474	171	336	341	760	813	740	357	549	58	919	139	235	394	166	550	349	408	477	625	42	684	706	607	472	42	528	223	797	508	746	958	0	383	255	422	176	105	116	666	44	399	521	722	969	21	931	953	860	982	785	17	745	997	859	128	207	955	110	227	504	656	254	48	28	613	78	816	990	705	253	341	607	98	985	504	905	150	784	951	975	243	68	213	443	476	383	410	343	597	592	340	993	281	556	126	937	929	873	832	868	488	14	687	990	749	487	414	132	569	304	805	168	770	416	394	816	247	696	653	984	12	819	937	639	912	472	159	488	533	766	508	
764	830	359	877	861	625	293	568	198	674	553	11	526	831	684	957	764	466	431	240	700	14	999	886	49	4	363	309	54	832	169	240	395	361	243	376	174	186	466	909	275	216	999	180	435	996	941	76	86	785	383	0	723	448	313	463	267	26	506	204	728	374	931	84	160	828	154	376	233	933	493	659	691	552	784	464	60	820	915	837	667	591	680	278	609	463	395	277	109	31	83	16	151	12	512	899	967	488	797	208	511	207	879	772	14	145	270	764	623	399	669	463	593	8	789	502	640	70	223	281	556	445	209	156	144	516	71	443	741	792	950	865	216	629	366	951	178	918	86	138	143	855	693	886	914	960	62	2	302	621	
754	923	366	296	244	945	179	412	15	146	664	610	979	73	768	985	539	781	167	314	915	485	722	577	414	310	684	735	72	1000	555	686	886	463	401	478	457	164	278	772	505	992	432	259	693	640	956	770	710	862	255	723	0	626	636	943	612	973	391	594	111	970	450	699	746	176	483	598	111	873	628	936	968	528	52	886	589	819	961	414	591	490	764	837	588	311	350	976	148	718	650	143	66	47	970	655	168	129	127	120	988	425	851	406	663	219	897	99	585	824	160	941	781	322	700	699	98	924	741	190	940	277	324	878	544	710	363	491	768	417	324	693	878	757	445	6	875	272	530	710	642	820	731	407	449	829	648	26	96	753	
256	781	417	280	671	6	200	795	994	869	299	407	629	8	23	217	548	177	773	734	796	88	516	822	892	701	124	300	63	153	599	386	935	987	922	209	595	296	305	264	969	854	367	183	963	319	534	745	918	672	422	448	626	0	907	417	310	41	429	871	592	80	763	685	834	745	226	447	355	942	313	286	212	54	198	399	522	398	467	92	180	844	378	705	951	192	255	857	616	659	445	106	841	148	156	783	856	537	986	261	276	995	367	632	482	262	77	526	799	951	7	876	134	918	353	304	844	342	273	79	955	339	549	87	812	547	765	464	824	240	610	927	921	805	600	955	532	79	39	667	402	582	1000	167	903	164	966	607	850	645	
767	336	285	38	514	385	72	838	76	700	719	426	71	754	414	532	38	959	625	953	380	922	5	287	924	927	368	703	610	629	479	42	597	667	198	445	960	760	62	828	852	309	190	326	848	185	714	577	908	310	176	313	636	907	0	226	409	391	240	540	231	145	317	431	703	236	631	341	453	154	668	850	302	947	714	653	846	147	804	404	741	583	950	1000	382	160	253	921	80	491	851	219	168	832	905	537	310	554	437	344	599	262	519	432	323	279	399	878	608	737	233	493	743	773	435	471	309	85	422	15	389	329	683	240	51	984	632	243	460	747	483	413	269	814	239	39	193	584	389	139	871	230	660	619	611	347	35	555	588	290	
449	31	331	41	110	215	576	177	970	953	608	568	650	783	688	41	906	963	798	91	618	666	653	616	651	145	322	989	291	659	591	807	429	343	318	180	843	397	412	704	90	738	546	446	861	889	928	21	54	712	105	463	943	417	226	0	815	938	694	711	737	261	409	603	761	22	625	518	777	339	119	570	275	609	992	190	732	18	845	264	517	909	619	839	960	589	331	327	736	436	956	182	340	330	520	271	893	192	645	77	190	306	789	874	788	925	328	624	733	261	880	136	646	35	637	826	904	604	402	332	434	29	736	22	773	653	649	461	340	548	424	366	546	195	599	190	577	548	409	151	952	612	849	494	524	517	139	155	123	561	
114	996	165	217	397	544	835	234	580	426	281	254	110	840	348	677	44	190	383	315	840	410	115	491	322	430	653	209	489	685	206	230	531	221	570	290	716	426	172	97	33	475	490	845	497	668	619	555	396	80	116	267	612	310	409	815	0	346	865	493	851	425	782	643	672	973	765	749	31	234	66	766	277	318	102	547	116	579	844	276	901	537	874	274	883	659	876	362	114	153	301	672	48	478	984	816	451	187	895	480	827	643	361	954	825	928	313	545	48	174	436	546	194	479	396	422	742	335	3	692	313	336	137	140	75	953	114	945	284	362	146	998	431	820	939	77	965	167	648	828	605	971	706	698	18	890	67	672	246	366	
895	953	245	4	28	808	420	375	824	888	72	733	715	699	508	15	945	938	119	58	562	949	33	277	172	244	772	39	989	872	340	218	36	550	174	729	802	137	618	76	424	444	164	919	154	432	625	227	426	614	666	26	973	41	391	938	346	0	129	674	438	320	758	704	933	505	469	408	629	628	471	175	651	299	687	56	59	449	515	756	829	736	397	619	990	204	16	65	857	552	742	356	391	743	665	813	469	854	777	677	102	256	174	58	376	145	767	139	859	872	746	96	535	142	524	525	725	604	723	584	353	61	138	649	542	463	717	90	539	88	38	175	245	502	679	32	501	791	73	293	579	50	756	561	155	158	304	889	999	650	
659	141	332	445	326	468	950	702	798	137	71	522	674	862	344	694	549	35	101	503	880	776	802	621	929	934	709	313	696	907	179	163	869	23	928	120	285	394	281	82	470	926	603	918	794	169	841	8	306	160	44	506	391	429	240	694	865	129	0	556	623	53	821	349	882	187	319	889	264	80	823	987	423	836	606	762	193	2	35	6	814	829	281	315	198	130	118	993	207	517	958	698	675	822	432	606	14	780	830	276	7	570	811	98	893	274	952	86	508	168	439	934	719	448	844	845	1000	979	424	47	998	677	288	295	415	602	22	950	422	475	734	327	94	804	868	345	384	424	212	437	585	62	465	728	584	901	163	355	830	766	
204	721	315	1000	479	985	628	955	833	886	25	962	267	589	585	448	40	374	266	910	677	369	724	277	722	734	759	311	592	466	76	943	544	648	251	447	357	254	68	196	419	591	105	853	582	788	383	87	265	132	399	204	594	871	540	711	493	674	556	0	307	193	39	506	152	1	920	116	319	85	114	119	982	146	14	115	410	441	952	540	970	181	209	596	875	534	776	347	717	741	729	100	598	361	897	793	974	433	145	929	651	523	513	185	510	421	822	921	453	834	910	344	562	343	36	459	796	926	616	410	364	251	841	667	963	285	933	188	698	255	216	851	642	976	907	144	166	727	519	645	773	475	362	484	468	299	129	882	652	521	
428	813	719	524	662	755	119	619	464	160	801	912	458	517	625	986	213	224	942	562	6	925	253	255	498	779	155	744	340	295	881	826	586	143	449	494	439	907	862	812	533	517	19	256	475	136	951	542	593	150	521	728	111	592	231	737	851	438	623	307	0	519	107	247	20	253	702	897	134	227	34	181	787	901	305	821	427	305	92	782	226	280	327	587	54	667	767	689	776	193	945	235	903	622	148	654	769	926	978	728	116	418	139	29	700	73	259	242	597	507	821	174	964	850	248	637	993	746	697	671	160	339	968	169	928	389	175	626	874	227	585	384	638	938	704	531	787	84	690	795	175	336	588	606	878	221	535	733	453	7	
245	795	514	838	289	951	615	630	68	278	264	325	139	657	594	288	787	88	969	460	247	141	209	622	840	843	844	117	154	956	248	167	960	369	194	850	267	316	190	724	259	307	118	25	819	556	283	720	124	683	722	374	970	80	145	261	425	320	53	193	519	0	706	79	881	88	888	142	883	3	220	881	295	933	690	625	614	940	624	192	961	621	421	270	886	873	272	22	488	184	860	585	634	649	387	258	332	831	416	442	633	208	82	892	880	691	702	43	226	904	723	730	251	549	820	221	125	989	218	119	433	11	208	435	168	128	795	534	185	137	577	725	707	237	649	43	597	326	644	294	859	797	754	83	276	371	568	566	859	349	
53	577	297	300	955	758	43	84	430	832	326	77	991	109	446	274	69	663	712	779	391	736	787	411	174	759	373	511	974	220	931	107	631	402	559	923	969	868	473	478	415	300	530	223	864	584	326	463	382	235	969	931	450	763	317	409	782	758	821	39	107	706	0	696	271	11	79	106	890	958	693	378	453	303	214	938	407	670	650	41	239	765	533	84	170	169	612	396	634	843	232	888	827	23	337	908	839	332	404	626	853	645	848	49	6	600	141	379	576	61	958	539	526	825	417	366	528	780	133	257	518	39	683	84	587	986	896	446	632	397	946	921	134	605	656	878	400	410	943	324	849	919	770	350	474	569	258	915	518	587	
267	156	930	542	412	874	457	602	68	506	15	828	163	621	600	16	518	205	63	66	551	453	422	313	910	642	333	590	863	982	705	362	482	529	662	147	751	617	172	583	631	847	449	120	351	446	439	644	481	3	21	84	699	685	431	603	643	704	349	506	247	79	696	0	167	642	249	145	453	700	262	460	994	900	672	94	767	917	300	486	134	636	829	654	747	46	440	787	413	146	329	213	439	466	429	456	778	246	394	489	606	897	868	53	857	256	201	127	342	393	823	136	161	712	628	372	626	56	166	178	776	224	789	20	289	763	382	753	55	997	665	823	149	147	253	180	266	890	906	391	317	130	703	675	802	268	189	492	523	482	
745	323	633	545	312	588	785	976	20	83	318	520	520	121	632	646	238	696	943	322	551	463	300	747	364	252	578	231	913	673	678	871	600	541	672	694	762	146	629	293	888	166	70	223	234	432	913	146	514	345	931	160	746	834	703	761	672	933	882	152	20	881	271	167	0	908	340	235	343	301	912	471	167	791	583	646	447	758	483	731	160	865	227	960	176	458	831	212	994	308	958	984	87	512	525	255	693	912	561	725	191	224	927	130	813	978	785	150	381	353	692	639	266	448	312	536	884	443	280	957	160	838	810	820	650	653	641	350	672	956	561	671	384	440	458	977	613	21	705	264	742	42	795	338	568	882	60	549	477	964	
311	219	416	258	879	934	102	53	535	884	530	88	416	760	959	329	852	512	443	644	577	299	28	538	922	660	937	692	895	760	701	793	755	493	627	450	753	890	233	895	850	801	251	622	762	146	349	154	575	307	953	828	176	745	236	22	973	505	187	1	253	88	11	642	908	0	456	349	813	93	95	518	596	812	590	671	179	951	867	288	467	972	249	437	96	138	189	403	867	937	952	627	250	343	599	109	812	805	663	134	519	169	109	5	261	941	13	27	519	408	672	585	912	364	700	38	797	608	287	312	90	294	515	787	505	375	257	584	976	198	863	928	320	763	955	770	909	673	901	97	75	369	208	57	117	608	562	483	564	311	
932	865	988	143	143	731	282	438	181	38	900	378	782	383	612	709	449	56	494	304	16	668	686	132	231	524	763	101	240	928	931	931	272	484	217	368	504	151	782	528	716	249	970	963	319	835	177	323	855	965	860	154	483	226	631	625	765	469	319	920	702	888	79	249	340	456	0	85	687	374	122	420	433	604	587	633	136	449	127	366	755	104	705	939	788	501	622	368	737	775	9	979	225	412	608	172	117	557	959	639	87	372	643	186	358	900	417	832	410	407	256	69	510	837	589	99	132	388	853	180	141	91	800	153	936	820	20	58	923	17	96	511	256	670	530	991	762	519	907	926	384	187	465	524	33	729	909	748	289	386	
927	478	848	796	15	95	801	639	606	742	224	306	692	470	194	60	230	180	558	1	238	293	468	430	811	901	250	975	97	649	157	678	503	481	170	616	159	25	397	310	395	403	216	582	291	262	708	506	647	194	982	376	598	447	341	518	749	408	889	116	897	142	106	145	235	349	85	0	879	155	979	576	350	938	991	757	484	28	294	423	98	460	268	315	672	129	948	903	927	491	754	588	851	635	37	68	923	166	612	472	962	763	27	557	795	813	750	872	321	314	261	640	941	53	448	979	635	249	397	35	183	839	776	570	956	194	106	988	557	137	941	317	48	596	702	675	639	923	596	972	529	500	33	3	665	59	383	31	277	886	
