150
0	5.09902	5	1	247.697	248.163	250.731	245.098	515.768	516.763	517.707	514.82	283.254	280.216	283.214	280.257	473.187	470.052	473.925	469.308	380.837	376.666	381.526	375.968	91.6788	87.0976	91.0055	87.8009	474.915	475.37	476.34	473.942	66.4003	70.0928	70.8378	65.6049	300.193	292.33	299.252	293.293	133.27	131.126	134.648	129.711	294.002	289.007	294.007	289.002	324	319.002	324.002	319	419.019	413.059	419.058	413.019	327.377	322.969	326.957	323.394	168.502	175.411	175.482	168.428	475.004	473	475	473.004	224.878	223.6	225.577	222.895	49.8197	44.2832	44.911	49.2544	360.401	358.352	362.548	356.18	376.033	372.329	377.033	371.317	323.19	321.622	323.514	321.297	119.239	121.062	122.184	118.089	242.689	242.405	243.239	241.853	264.008	260.722	264.56	260.161	107.615	102.416	108.167	101.833	337.676	333.362	339.531	331.472	378.978	376.431	380.321	375.073	325.208	321.686	324.68	322.219	168.618	168.908	171.397	166.087	425.312	422.246	426.681	420.862	445.798	445.18	446.175	444.802	159.505	162.8	163.6	158.685	234.036	227.636	233.619	228.064	191.635	190.373	191.324	190.686	222.002	224.735	226.296	220.411	198.6	197.874	201.022	195.412	461.213	336.537	
5.09902	0	1	5	246.13	246.465	249.062	243.502	515.151	516.087	517.035	514.2	284.508	281.455	284.45	281.514	472.969	469.793	473.676	469.08	380.716	376.49	381.366	375.832	93.9628	89.2861	93.145	90.1388	474.757	475.147	476.12	473.782	64.3506	67.624	68.4105	63.5138	302.05	294.111	301.015	295.169	132.004	129.692	133.282	128.378	295.061	290.016	295.015	290.062	325.038	320.025	325.025	320.039	420.001	414.005	420.005	414.001	328.868	324.39	328.373	324.891	163.6	170.496	170.575	163.518	476.051	474.026	476.026	474.052	225.282	223.886	225.869	223.294	54.9181	49.366	50.01	54.3323	358.615	356.486	360.717	354.359	375.362	371.598	376.324	370.624	322.568	320.975	322.876	320.665	114.543	116.25	117.478	113.283	240.832	240.52	241.365	239.985	263.655	260.311	264.17	259.788	105.816	100.404	106.33	99.8599	336.305	331.892	338.108	330.055	378.906	376.269	380.171	374.991	326.671	323.048	326.038	323.687	164.396	164.56	167.156	161.756	423.962	420.84	425.301	419.487	446.374	445.71	446.706	445.377	157.544	160.655	161.471	156.707	235.553	229.059	235.032	229.593	194.201	192.925	193.869	193.259	219.829	222.423	224.009	218.213	196.459	195.602	198.806	193.215	462.088	337.854	
5	1	0	5.09902	245.253	245.601	248.195	242.627	514.2	515.14	516.087	513.249	283.51	280.457	283.452	280.516	471.997	468.822	472.705	468.108	379.739	375.516	380.391	374.856	93.0054	88.3233	92.1792	89.1852	473.782	474.175	475.147	472.807	63.5138	66.8431	67.624	62.6817	301.066	293.125	300.028	294.187	131.095	128.798	132.382	127.475	294.061	289.016	294.015	289.062	324.039	319.025	324.025	319.039	419.001	413.005	419.005	413.001	327.873	323.394	327.377	323.897	163.518	170.423	170.496	163.441	475.052	473.026	475.026	473.052	224.288	222.895	224.878	222.299	54.7449	49.2544	49.8197	54.231	357.762	355.642	359.869	353.51	374.414	370.653	375.378	369.677	321.616	320.025	321.925	319.714	114.337	116.108	117.277	113.137	239.985	239.677	240.52	239.14	262.688	259.347	263.205	258.822	104.957	99.5691	105.475	99.0202	335.41	331.006	337.218	329.164	377.927	375.293	379.195	374.012	325.676	322.051	325.042	322.692	164.003	164.21	166.769	161.4	423.066	419.949	424.408	418.593	445.377	444.713	445.71	444.38	156.707	159.841	160.655	155.872	234.559	228.064	234.036	228.6	193.259	191.982	192.925	192.317	219.021	221.633	223.215	217.407	195.645	194.805	198.003	192.408	461.088	336.856	
1	5	5.09902	0	248.566	249.018	251.589	245.963	516.717	517.707	518.652	515.768	284.253	281.215	284.213	281.256	474.157	471.02	474.894	470.278	381.811	377.637	382.498	376.942	92.6499	88.0738	91.9837	88.7694	475.888	476.34	477.31	474.915	67.2012	70.8378	71.5891	66.4003	301.179	293.319	300.242	294.279	134.164	132.004	135.532	130.599	295.002	290.007	295.007	290.002	325	320.002	325.002	320	420.019	414.059	420.058	414.019	328.373	323.966	327.954	324.39	168.582	175.482	175.559	168.502	476.004	474	476	474.004	225.869	224.589	226.566	223.886	50.01	44.4072	45.1221	49.366	361.248	359.189	363.39	357.022	376.977	373.269	377.975	372.259	324.137	322.568	324.46	322.244	119.436	121.198	122.376	118.229	243.526	243.239	244.074	242.689	264.97	261.681	265.52	261.123	108.453	103.228	109	102.65	338.565	334.241	340.414	332.357	379.954	377.403	381.294	376.049	326.204	322.684	325.678	323.215	169	169.248	171.773	166.433	426.203	423.132	427.57	421.751	446.794	446.175	447.17	445.798	160.328	163.6	164.402	159.505	235.032	228.633	234.617	229.059	192.585	191.324	192.276	191.635	222.8	225.515	227.079	221.206	199.402	198.658	201.814	196.207	462.212	337.535	
247.697	246.13	245.253	248.566	0	6.7082	6	3	277.051	277.016	278.002	276.062	151.159	148.933	150.266	149.833	244.131	240.052	244.051	240.133	160.328	154.78	159.662	155.467	192.096	192.52	189.842	194.743	247.342	246.1	247.099	246.343	182.025	179.847	178.941	182.915	191.024	182.661	185.607	188.162	114.826	116.619	113.208	118.191	147.027	141.834	144.506	144.402	164.347	160.312	163.6	161.075	236.172	229.478	234.674	231.009	189.024	182.628	185	186.703	206.952	209.554	208.586	207.928	288.487	285.82	287.626	286.686	94.3398	89.202	89.3588	94.1913	268.365	268.308	265.189	271.448	113.406	112.045	115.884	109.481	140.004	135.059	140.057	135.004	92.9624	90.802	92.7631	91.0055	192.094	199.023	192.023	199.09	15.6205	17.0294	16.2788	16.4012	64.2028	60.2163	62.6259	61.8547	140.431	146.263	139.979	146.697	90.824	85.9069	92.3093	84.309	160.331	155.003	158.902	156.467	186.231	178.807	180.602	184.491	154.564	162.049	155.232	161.409	178.314	174.957	179.513	173.727	243.578	241.299	242.244	242.638	89.8888	88.6002	87.6413	90.824	146.113	140.513	141.152	145.496	185.952	185.149	184.968	186.132	39.5601	43.8634	42.0476	41.4849	56.1427	60	56	60.1332	269.067	186.561	
248.163	246.465	245.601	249.018	6.7082	0	3	6	279.202	279.029	280.018	278.21	157.867	155.641	156.975	156.541	247.396	243.249	247.245	243.403	164.712	159.11	163.954	159.891	194.756	195.021	192.44	197.307	250.721	249.339	250.338	249.724	182.214	179.789	178.899	183.087	197.73	189.362	192.315	194.859	115.802	117.324	114.039	119.038	153.701	148.519	151.172	151.093	170.836	166.832	170.082	167.601	241.814	235.128	240.277	236.698	195.645	189.251	191.604	193.342	202.786	205.222	204.247	203.767	293.82	291.139	292.933	292.031	100.603	95.4254	95.6347	100.404	269.987	269.774	266.717	273.007	112.33	110.603	114.621	108.227	143.087	138.014	143.014	138.091	97.2677	95.0789	97.0155	95.3362	189.381	196.207	189.214	196.367	9.84886	11.1803	10.2956	10.7703	70.8025	66.8506	69.2026	68.5055	140.656	146.294	140.161	146.769	91.7606	86.3771	92.9731	85.0706	164.842	159.364	163.233	161.012	192.855	185.421	187.2	191.128	150.443	157.877	151.01	157.334	178.844	175.308	179.939	174.184	248.485	246.142	247.081	247.552	89.4707	87.6641	86.7295	90.377	152.453	146.769	147.503	151.743	191.366	190.539	190.379	191.525	35.3553	38.8973	37	37.3363	53.9351	57.3149	53.3385	57.8705	274.274	193.08	
250.731	249.062	248.195	251.589	6	3	0	6.7082	276.226	276.062	277.051	275.234	156.541	154.353	155.641	155.261	244.401	240.252	244.248	240.408	161.818	156.208	161.047	157.003	196.665	196.987	194.371	199.251	247.73	246.343	247.342	246.733	184.838	182.464	181.571	185.715	196.474	188.162	191.024	193.693	118.224	119.817	116.499	121.495	152.122	146.986	149.566	149.586	168.885	164.924	168.122	165.702	239.251	232.568	237.697	234.156	193.912	187.523	189.834	191.651	205.73	208.147	207.171	206.712	291.137	288.453	290.243	289.353	100.319	95.1893	95.3362	100.18	272.25	272.083	269.007	275.289	109.859	108.231	112.201	105.802	140.089	135.015	140.014	135.093	94.3716	92.1792	94.1116	92.4446	192.375	199.203	192.211	199.361	12.6491	13.9284	13	13.6015	69.0652	65.192	67.424	66.888	143.265	148.946	142.78	149.412	88.8876	83.5703	90.1388	82.2192	161.969	156.467	160.331	158.146	191.128	183.674	185.421	189.433	153.395	160.823	153.951	160.29	176.045	172.54	177.158	171.397	245.687	243.329	244.266	244.755	92.1954	90.4765	89.5377	93.1075	152.069	146.492	147.105	151.476	191.859	191.05	190.874	192.034	38.3275	41.7612	39.8497	40.3113	56.8859	60.2993	56.3205	60.8276	271.553	191.167	
245.098	243.502	242.627	245.963	3	6	6.7082	0	280.018	279.973	280.959	279.029	152.532	150.266	151.648	151.159	247.13	243.051	247.051	243.132	163.248	157.709	162.595	158.382	190.142	190.507	187.864	192.754	250.338	249.098	250.098	249.339	179.36	177.133	176.23	180.247	192.315	183.897	186.936	189.362	112.33	114.057	110.675	115.663	148.661	143.422	146.168	145.962	166.352	162.274	165.614	163.028	238.768	232.071	237.287	233.585	190.801	184.402	186.815	188.438	204.025	206.649	205.682	205	291.194	288.531	290.341	289.389	94.6414	89.4539	89.6772	94.4299	266.07	265.966	262.865	269.134	115.802	114.337	118.229	111.826	143.003	138.058	143.056	138.004	95.901	93.7443	95.7079	93.9415	189.095	196.023	189.024	196.092	13.4536	14.8661	14.2127	14.1421	66.0681	62.0081	64.5368	63.6003	137.768	143.562	137.306	144.003	93.6376	88.6397	95.0789	87.0919	163.233	157.927	161.83	159.364	188.003	180.602	182.428	186.231	151.634	159.126	152.315	158.474	181.077	177.688	182.258	176.477	246.4	244.135	245.082	245.459	87.0919	85.7263	84.7703	88.0227	146.513	140.801	141.566	145.774	185.443	184.621	184.456	185.607	36.6879	41.1461	39.3573	38.6005	53.1507	57	53	57.1402	271.812	188.521	
515.768	515.151	514.2	516.717	277.051	279.202	276.226	280.018	0	6.08276	6	1	270.946	272.591	270.298	273.234	57.4543	57.2014	54.9181	59.6406	141.45	144.062	139.818	145.647	441.13	443.514	439.874	444.761	60.3738	55.5698	55.0727	60.8276	453.29	452.391	451.426	454.252	288.175	288.555	283.748	292.91	384.338	387.398	383.537	388.191	255.441	257.379	253.513	259.278	232.639	235.519	231.935	236.212	174.642	174.428	171.898	177.133	253.387	252.21	249.58	255.979	476.017	477.127	476.127	477.017	166.589	164.779	164.596	166.769	298.297	297.866	296.068	300.082	525.137	526.802	523.129	528.796	186.118	191.69	186.762	191.063	139.843	143.84	139.014	144.641	192.585	194.18	192.276	194.487	468.364	475.042	468.073	475.329	287.675	288.564	287.569	288.669	252.367	255.384	251.645	256.096	412.585	419.109	412.331	419.358	189.214	196.064	189.066	196.207	144.516	144.586	141.198	147.828	253.158	249.898	247.891	255.123	425.075	432.029	425.029	432.074	113.759	119.369	114.56	118.6	131.913	128.515	128.16	132.257	365.367	365.016	364.033	366.347	316.436	318.442	313.524	321.31	380.033	380.254	379.444	380.841	313.439	314.841	312.847	315.43	333.054	336.507	332.537	337.018	152.591	238.533	
516.763	516.087	515.14	517.707	277.016	279.029	276.062	279.973	6.08276	0	1	6	274.133	275.726	273.47	276.384	62.1772	61.5873	59.5399	64.1405	144.031	146.441	142.302	148.122	442.792	445.118	441.5	446.4	65.3911	60.3738	59.9333	65.7951	454.01	453.018	452.055	454.968	292	292.228	287.507	296.65	385.047	388.044	384.2	388.882	258.606	260.432	256.632	262.378	236.212	239.002	235.493	239.71	179.769	179.427	177.003	182.157	257.379	256.088	253.513	259.915	475.004	476.026	475.026	476.004	172.491	170.66	170.496	172.653	300.177	299.641	297.861	301.944	526.69	528.285	524.63	530.33	184.318	189.789	184.838	189.283	140.73	144.544	139.778	145.465	193.598	195.144	193.259	195.479	468.011	474.641	467.68	474.966	287.392	288.257	287.265	288.383	253.693	256.632	252.927	257.387	413.189	419.672	412.921	419.936	188.597	195.31	188.322	195.576	147.201	146.997	143.694	150.426	257.099	253.712	251.748	259.023	424.231	431.14	424.143	431.227	111.4	116.927	112.058	116.297	137.244	133.795	133.462	137.568	365.636	365.168	364.188	366.613	319.201	321.076	316.218	324.014	382.8	383.001	382.2	383.6	313.077	314.341	312.349	315.063	332.929	336.3	332.34	336.883	158.319	242.539	
517.707	517.035	516.087	518.652	278.002	280.018	277.051	280.959	6	1	0	6.08276	274.882	276.481	274.221	277.137	62.6498	62.1289	60.0333	64.6607	144.845	147.275	143.126	148.946	443.694	446.024	442.404	447.303	65.7951	60.8276	60.3738	66.2118	454.968	453.98	453.018	455.927	292.659	292.91	288.175	297.321	386.005	389.005	385.161	389.841	259.357	261.197	257.389	263.137	236.907	239.71	236.191	240.416	180.155	179.847	177.395	182.571	258.01	256.737	254.153	260.555	476.004	477.026	476.026	477.004	172.569	170.751	170.575	172.743	301.06	300.533	298.751	302.828	527.599	529.199	525.544	531.241	185.311	190.78	185.828	190.276	141.676	145.499	140.73	146.414	194.538	196.087	194.201	196.42	469.004	475.635	468.675	475.96	288.383	289.249	288.257	289.375	254.615	257.56	253.852	258.312	414.152	420.638	413.885	420.9	189.594	196.308	189.32	196.573	148.003	147.828	144.516	151.238	257.738	254.372	252.4	259.669	425.231	432.14	425.142	432.227	112.379	117.903	113.031	117.277	137.568	134.134	133.795	137.899	366.613	366.149	365.168	367.589	320	321.89	317.025	324.82	383.6	383.803	383.001	384.401	314.07	315.336	313.345	316.057	333.918	337.291	333.33	337.871	158.493	243.167	
514.82	514.2	513.249	515.768	276.062	278.21	275.234	279.029	1	6	6.08276	0	270.187	271.825	269.537	272.47	56.9386	56.6127	54.3783	59.0762	140.616	143.21	138.975	144.803	440.224	442.604	438.965	443.852	59.9333	55.0727	54.5894	60.3738	452.328	451.426	450.46	453.29	287.507	287.863	283.069	292.228	383.376	386.432	382.573	387.227	254.678	256.603	252.745	258.507	231.931	234.798	231.225	235.493	174.244	173.994	171.493	176.706	252.745	251.549	248.928	255.327	475.017	476.127	475.127	476.017	166.508	164.685	164.514	166.676	297.405	296.966	295.169	299.189	524.223	525.883	522.212	527.881	185.13	190.704	185.777	190.074	138.885	142.874	138.051	143.68	191.635	193.228	191.324	193.536	467.369	474.046	467.077	474.334	286.681	287.569	286.575	287.675	251.436	254.448	250.711	255.163	411.618	418.14	411.364	418.39	188.215	195.064	188.066	195.208	143.694	143.736	140.357	146.997	252.507	249.227	247.227	254.466	424.075	431.029	424.029	431.074	112.792	118.406	113.6	117.631	131.575	128.16	127.812	131.913	364.387	364.033	363.05	365.367	315.628	317.619	312.708	320.495	379.226	379.444	378.636	380.033	312.444	313.844	311.849	314.434	332.063	335.515	331.545	336.027	152.411	237.893	
283.254	284.508	283.51	284.253	151.159	157.867	156.541	152.532	270.946	274.133	274.882	270.187	0	3.16228	1	3	217.037	215.601	218.806	213.806	131.712	130.729	133.959	128.425	194.258	198.124	194.126	198.252	216.622	219.244	220.057	215.796	235.805	238.416	237.447	236.78	40.1622	32.5576	34.5398	38.4708	179.109	183.981	180.336	182.779	15.5563	15.2315	17.8045	12.53	42.72	38.2753	43.0116	37.9473	136.938	131.381	137.321	130.981	46.6154	41.1096	44.9222	42.9535	324.5	329.257	328.434	325.332	192.26	190.379	192.375	190.263	72.6705	77.201	75.6042	74.3303	276.487	279.836	275.862	280.451	205.183	208.694	209.16	204.707	153.883	154.305	156.541	151.608	118.258	118.87	119.239	117.886	290.243	297.847	291.589	296.53	165.605	166.964	166.481	166.09	88.8651	92.1141	90.7579	90.2497	205.645	212.565	205.993	212.229	167.863	171.292	171.843	167.299	128.082	129.958	132.548	125.399	44.0114	39.0512	41.9762	41.2311	276.016	283.403	277.852	281.603	226.365	227.035	229.085	224.29	169.189	169.517	170.461	168.238	183.611	188.438	187.627	184.44	50.9902	56.2228	50.2494	56.8859	111.826	112.308	111.4	112.73	180.422	187.278	186.132	181.604	180.38	186.035	183.306	183.153	179.889	53.4603	
280.216	281.455	280.457	281.215	148.933	155.641	154.353	150.266	272.591	275.726	276.481	271.825	3.16228	0	3	1	218.9	217.407	220.64	215.641	133.004	131.894	135.207	129.634	191.316	195.164	191.167	195.31	218.552	221.111	221.93	217.72	232.659	235.262	234.293	233.634	42.1545	34.2053	36.6742	40.025	175.96	180.834	177.192	179.627	17.2047	15.8114	19.105	13.4536	45.3542	40.8044	45.607	40.5216	139.807	134.213	140.161	133.843	49.7695	44.2719	48.0833	46.0977	321.45	326.221	325.4	322.281	195.208	193.313	195.31	193.21	69.6348	74.2024	72.6223	71.2811	273.651	276.973	273.002	277.613	204.534	207.964	208.504	203.983	154.434	154.738	157.064	152.069	117.903	118.457	118.878	117.478	287.111	294.715	288.461	293.394	163.294	164.648	164.177	163.768	86.977	90.1388	88.8876	88.2553	202.485	209.404	202.832	209.067	167.2	170.496	171.172	166.508	129.418	131.137	133.795	126.669	47.1699	42.2019	45.1221	44.3847	273.029	280.409	274.875	278.6	226.753	227.343	229.456	224.615	171.747	172.029	172.977	170.792	180.569	185.421	184.613	181.395	48.2701	53.3385	47.3814	54.1295	109.567	110.023	109.124	110.463	177.859	184.74	183.611	179.025	177.598	183.251	180.546	180.347	182.718	56.5685	
283.214	284.45	283.452	284.213	150.266	156.975	155.641	151.648	270.298	273.47	274.221	269.537	1	3	0	3.16228	216.453	215	218.213	213.214	130.969	129.958	133.207	127.664	194.312	198.162	194.165	198.305	216.06	218.662	219.477	215.232	235.587	238.17	237.2	236.563	41.1096	33.541	35.4683	39.4588	178.709	183.576	179.922	182.387	14.8661	14.3178	17.0294	11.6619	42.45	37.9473	42.72	37.6431	136.825	131.24	137.186	130.863	47.0106	41.4367	45.2217	43.382	323.946	328.69	327.866	324.78	192.211	190.318	192.315	190.213	72.111	76.6094	75	73.7835	276.622	279.952	275.98	280.585	204.189	207.697	208.166	203.711	153	153.405	155.653	150.712	117.277	117.886	118.258	116.902	289.8	297.405	291.137	296.096	164.73	166.09	165.605	165.218	87.9204	91.1811	89.8109	89.3197	205.302	212.229	205.645	211.896	166.868	170.294	170.848	166.301	127.35	129.19	131.795	124.652	44.3847	39.2938	42.2019	41.6293	275.409	282.8	277.238	281.007	225.46	226.119	228.178	223.376	168.885	169.189	170.135	167.932	183.052	187.856	187.043	183.883	51.1957	56.3205	50.3587	57.0701	112.259	112.73	111.826	113.159	179.613	186.462	185.311	180.801	179.655	185.311	182.571	182.439	179.747	53.6004	
280.257	281.514	280.516	281.256	149.833	156.541	155.261	151.159	273.234	276.384	277.137	272.47	3	1	3.16228	0	219.477	218.002	221.226	216.227	133.735	132.654	135.949	130.384	191.262	195.126	191.128	195.256	219.107	221.687	222.504	218.277	232.88	235.51	234.542	233.855	41.2311	33.2415	35.7771	39.0512	176.366	181.246	177.612	180.025	17.8045	16.6433	19.799	14.2127	45.607	41.1096	45.8803	40.8044	139.918	134.35	140.293	133.959	49.3964	43.9659	47.8017	45.6946	322.008	326.792	325.972	322.837	195.256	193.373	195.369	193.259	70.214	74.8131	73.2462	71.8471	273.514	276.856	272.883	277.478	205.526	208.959	209.497	204.978	155.309	155.631	157.943	152.958	118.878	119.436	119.854	118.457	287.559	295.161	288.917	293.832	164.177	165.529	165.061	164.648	87.9318	91.0824	89.8443	89.1964	202.832	209.745	203.185	209.404	168.193	171.493	172.166	167.505	130.138	131.894	134.536	127.405	46.8188	41.9762	44.911	44.0114	273.642	281.016	275.494	279.201	227.653	228.254	230.358	225.524	172.047	172.351	173.297	171.094	181.135	186.011	185.205	181.959	48.0521	53.2353	47.2652	53.9351	109.124	109.59	108.688	110.023	178.676	185.564	184.44	179.836	178.331	183.984	181.29	181.069	182.858	56.4358	
473.187	472.969	471.997	474.157	244.131	247.396	244.401	247.13	57.4543	62.1772	62.6498	56.9386	217.037	218.9	216.453	219.477	0	5	3	4	92.6553	96.566	91.7606	97.4166	394.549	397.281	393.517	398.303	5.83095	2.23607	3.16228	5.38516	412.869	412.641	411.655	413.853	231.935	232.768	227.706	236.907	344.42	347.908	343.953	348.369	201.695	204.13	199.985	205.806	177.341	180.544	176.695	181.177	117.987	117.388	115.169	120.154	196.759	195.88	193.104	199.484	449.138	451.009	450.018	450.131	118.089	115.849	116.108	117.835	251.181	251.406	249.514	253.061	478.953	481.037	477.264	482.713	172.177	178.443	174.003	176.664	104.389	109.659	104.69	109.371	153.395	155.322	153.326	155.39	436.005	443.028	436.029	443.005	256.632	257.701	256.704	257.63	209.461	212.984	209.06	213.378	373.225	380.001	373.076	380.147	163.954	171.732	164.976	170.751	94.921	96.8401	93.0054	98.6813	196.657	193.752	191.627	198.728	397.122	404.401	397.443	404.085	111.732	117.414	113.846	115.365	76.4853	72.7805	72.5672	76.6877	328.877	329.439	328.44	329.874	264.282	266.923	261.725	269.431	327.649	327.963	327.116	328.495	282.639	285.188	283.196	284.635	300.027	304.105	300.107	304.026	101.02	181.893	
470.052	469.793	468.822	471.02	240.052	243.249	240.252	243.051	57.2014	61.5873	62.1289	56.6127	215.601	217.407	215	218.002	5	0	4	3	89.8888	93.6056	88.8651	94.578	391.862	394.549	390.8	395.601	10.6301	6.32456	7.28011	10	409.497	409.207	408.222	410.479	231.311	231.948	226.991	236.178	340.969	344.42	340.472	344.912	200.205	202.514	198.436	204.247	176.309	179.402	175.642	180.056	119.549	118.68	116.692	121.491	196.329	195.29	192.588	198.98	444.819	446.652	445.66	445.813	121.655	119.365	119.683	121.342	248.485	248.62	246.739	250.354	476.24	478.272	474.51	479.989	167.26	173.519	169.068	171.759	100.18	105.385	100.404	105.171	149.656	151.559	149.566	151.648	432.001	439.005	432.005	439.001	252.446	253.505	252.507	253.444	206.197	209.669	205.76	210.098	369.738	376.494	369.579	376.65	159.355	167.108	160.331	166.172	92.3093	93.9202	90.1388	96.0052	196.156	193.073	191.003	198.172	392.842	400.106	393.144	399.81	106.775	112.45	108.904	110.39	78.7718	74.9667	74.8131	78.9177	325.123	325.615	324.617	326.12	262.458	264.97	259.825	267.552	325.903	326.198	325.358	326.741	278.46	280.943	278.95	280.457	296.002	300.042	296.042	300.002	104.173	181.466	
473.925	473.676	472.705	474.894	244.051	247.245	244.248	247.051	54.9181	59.5399	60.0333	54.3783	218.806	220.64	218.213	221.226	3	4	0	5	93.6376	97.4166	92.6553	98.3514	395.601	398.303	394.549	399.344	8.544	2.82843	3.60555	8.24621	413.425	413.146	412.161	414.407	234.079	234.828	229.811	239.006	344.912	348.369	344.42	348.855	203.435	205.806	201.695	207.511	179.301	182.453	178.645	183.096	120.814	120.154	117.987	122.931	198.98	198.035	195.29	201.675	448.794	450.62	449.628	449.788	121.062	118.828	119.08	120.814	252.224	252.389	250.503	254.096	479.989	482.037	478.272	483.741	170.857	177.102	172.627	175.377	104.173	109.371	104.389	109.165	153.639	155.544	153.551	155.631	436.001	443.005	436.005	443.001	256.439	257.498	256.5	257.437	210.098	213.581	209.669	214.002	373.687	380.447	373.53	380.601	163.248	170.988	164.201	170.074	96.0052	97.719	93.9202	99.7246	198.849	195.87	193.768	200.898	396.824	404.085	397.122	403.792	109.659	115.365	111.732	113.358	79.4292	75.71	75.505	79.6241	329.109	329.607	328.609	330.106	265.85	268.419	263.251	270.969	329.261	329.565	328.722	330.103	282.454	284.93	282.936	284.45	300.002	304.041	300.042	304.002	104.019	184.114	
469.308	469.08	468.108	470.278	240.133	243.403	240.408	243.132	59.6406	64.1405	64.6607	59.0762	213.806	215.641	213.214	216.227	4	3	5	0	88.8651	92.72	87.9318	93.6056	390.8	393.517	389.759	394.549	8.60233	6.08276	7.07107	7.81025	408.936	408.697	407.711	409.92	229.142	229.863	224.86	234.053	340.472	343.953	340	344.42	198.436	200.811	196.698	202.514	174.316	177.46	173.658	178.104	116.692	115.879	113.842	118.68	194.077	193.104	190.371	196.759	445.166	447.045	446.054	446.159	118.697	116.4	116.726	118.377	247.427	247.623	245.734	249.303	475.197	477.264	473.494	478.953	168.609	174.889	170.473	173.072	100.404	105.683	100.717	105.385	149.405	151.331	149.335	151.4	432.005	439.028	432.029	439.005	252.642	253.712	252.715	253.64	205.548	209.06	205.139	209.461	369.271	376.044	369.121	376.191	160.078	167.869	161.124	166.865	91.1811	93.0054	89.1852	94.921	193.933	190.924	188.831	195.972	393.144	400.425	393.468	400.106	108.904	114.551	111.072	112.45	75.8024	72.0069	71.8471	75.9539	324.888	325.444	324.446	325.885	260.87	263.454	258.279	265.994	324.275	324.58	323.736	325.117	278.649	281.205	279.213	280.644	296.027	300.107	296.108	300.027	101.178	179.212	
380.837	380.716	379.739	381.811	160.328	164.712	161.818	163.248	141.45	144.031	144.845	140.616	131.712	133.004	130.969	133.735	92.6553	89.8888	93.6376	88.8651	0	5.83095	3	5	301.974	304.665	300.914	305.712	94.1116	94.8683	95.8175	93.145	321.31	321.375	320.383	322.3	155.309	153.701	150.083	158.808	253.338	257.031	253.047	257.317	116.181	117.388	113.952	119.553	98.0051	99.6444	97.1288	100.499	95.0158	89.4707	92.4392	92.1303	124.423	121.334	119.775	125.925	367.271	369.868	368.897	368.246	136.235	133.417	134.952	134.715	158.597	158.758	156.869	160.465	386.353	388.402	384.635	390.104	124.868	130.924	128.281	127.581	41.2311	46.0652	44.0114	43.4166	67.4463	69.6419	67.72	69.3758	349.378	356.624	349.657	356.351	174.451	175.684	174.723	175.414	117.835	121.594	117.614	121.807	282.294	289.171	282.2	289.263	99.0051	106.832	101.833	104.139	4.12311	5.38516	2.23607	6.40312	123.309	118.106	116.867	124.483	314.879	322.374	315.56	321.708	107.299	110.041	110.291	107.042	86.2844	83.3547	84.22	85.44	240.052	241.299	240.3	241.052	175.237	177.045	172.2	180	238.824	239.008	238.214	239.616	199.85	203.571	201.646	201.792	214.553	219.146	215.205	218.506	115.256	110.68	
376.666	376.49	375.516	377.637	154.78	159.11	156.208	157.709	144.062	146.441	147.275	143.21	130.729	131.894	129.958	132.654	96.566	93.6056	97.4166	92.72	5.83095	0	5	3	298.412	301.04	297.31	302.129	98.27	98.7623	99.7246	97.2934	316.812	316.796	315.805	317.8	155.631	153.681	150.296	158.902	248.697	252.343	248.365	252.67	115.256	116.181	112.929	118.444	98.4124	99.7647	97.509	100.648	100.17	94.5145	97.6371	97.1288	125.543	122.197	120.814	126.874	361.732	364.297	363.325	362.708	141.993	139.176	140.72	140.464	155.077	155.081	153.212	156.924	382.744	384.721	380.97	386.478	119.708	125.718	123.167	122.332	36.6879	41.2311	39.5601	38.4838	61.8466	64.0312	62.0967	63.7887	344.141	351.37	344.398	351.118	168.834	170.062	169.098	169.8	113.283	116.966	113	117.239	277.626	284.482	277.519	284.586	93.3381	101.139	96.2081	98.4124	8.06226	1	4.12311	7	124.31	118.849	117.745	125.355	309.343	316.83	310.006	316.18	104.809	107.299	107.787	104.307	92.1141	89.1852	90.05	91.2688	235.009	236.172	235.172	236.008	173.234	174.806	170.074	177.882	236.764	236.916	236.136	237.542	194.283	197.952	196.023	196.229	209.163	213.722	209.774	213.122	121.037	112.089	
381.526	381.366	380.391	382.498	159.662	163.954	161.047	162.595	139.818	142.302	143.126	138.975	133.959	135.207	133.207	135.949	91.7606	88.8651	92.6553	87.9318	3	5	0	5.83095	303.059	305.712	301.974	306.785	93.3916	93.9628	94.921	92.4175	321.753	321.753	320.762	322.741	157.943	156.247	152.689	161.385	253.663	257.317	253.338	257.637	118.444	119.553	116.181	121.754	100.648	102.215	99.7647	103.078	97.6166	92.1303	95.0158	94.8103	127.224	124.085	122.56	128.693	366.613	369.157	368.185	367.589	138.192	135.37	136.883	136.693	159.7	159.765	157.889	161.555	387.412	389.416	385.659	391.152	122.332	128.413	125.718	125.1	38.4838	43.4166	41.2311	40.8167	66.7083	68.884	66.9403	68.6586	349.125	356.351	349.378	356.103	173.666	174.889	173.922	174.634	118.229	121.926	117.958	122.188	282.597	289.456	282.492	289.558	96.9381	104.805	99.7046	102.176	7.07107	5.09902	1.41421	8.60233	126.087	120.83	119.62	127.236	314.226	321.708	314.879	321.069	104.307	107.042	107.299	104.043	87.9204	84.9058	85.7555	87.0919	240.008	241.168	240.169	241.008	177.102	178.807	174.011	181.816	240.67	240.84	240.052	241.456	199.151	202.781	200.848	201.099	214.112	218.66	214.709	218.073	117.154	113.53	
375.968	375.832	374.856	376.942	155.467	159.891	157.003	158.382	145.647	148.122	148.946	144.803	128.425	129.634	127.664	130.384	97.4166	94.578	98.3514	93.6056	5	3	5.83095	0	297.31	299.977	296.233	301.04	98.9545	99.6243	100.578	97.9847	316.362	316.413	315.42	317.352	152.958	151.093	147.648	156.285	248.365	252.052	248.069	252.343	112.929	113.952	110.635	116.181	95.7079	97.1288	94.8103	98.0051	97.6371	91.9239	95.1315	94.5145	122.703	119.403	117.987	124.064	362.399	365.016	364.047	363.373	140.089	137.277	138.842	138.539	153.942	154.042	152.161	155.801	381.673	383.694	379.933	385.417	122.299	128.281	125.782	124.868	39.5601	44.0114	42.45	41.2311	62.6418	64.846	62.9365	64.56	344.398	351.648	344.681	351.37	169.641	170.88	169.921	170.602	112.872	116.619	112.641	116.842	277.318	284.192	277.222	284.285	95.483	103.238	98.4124	100.449	5.65685	2	4.47214	4	121.491	116.078	114.948	122.56	310.006	317.506	310.698	316.83	107.787	110.291	110.766	107.299	90.5539	87.7097	88.5889	89.6939	235.053	236.305	235.306	236.053	171.327	173.003	168.22	176.026	234.887	235.053	234.267	235.671	195	198.761	196.84	196.939	209.614	214.22	210.281	213.565	119.202	109.202	
91.6788	93.9628	93.0054	92.6499	192.096	194.756	196.665	190.142	441.13	442.792	443.694	440.224	194.258	191.316	194.312	191.262	394.549	391.862	395.601	390.8	301.974	298.412	303.059	297.31	0	5	3	4	395.668	396.772	397.71	394.725	71.6938	78.2943	77.8267	72.2011	208.885	201.206	208.166	201.95	87.3155	88.8876	90.1388	86.0233	206.073	201.435	206.4	201.099	236.028	231.147	236.123	231.05	331.023	325.295	331.272	325.042	237.135	233.019	237.019	233.137	204.636	211.514	211.152	205.01	386.518	384.63	386.626	384.52	143.377	143.388	145.231	141.51	84.4334	86.8332	82.9699	88.2326	304.059	303.389	306.888	300.528	303.434	300.536	304.889	299.06	250.928	249.708	251.432	249.201	153.873	159.665	156.589	157.003	192.408	192.627	193.215	191.818	189.897	187.449	190.895	186.432	81.0062	82.2192	82.0061	81.2219	275.409	272.721	277.996	270.083	299.628	298.042	301.763	295.88	235.077	232.002	235.002	232.078	179.747	183.807	182.718	180.854	361.006	358.816	362.8	357.001	360.373	360.1	361.083	359.388	120.553	126.811	127.138	120.208	144	138.091	144.087	138	100.464	99.1615	100.09	99.5389	179.109	184.296	185.238	178.135	157.42	159.314	161.012	155.682	373.738	247.018	
87.0976	89.2861	88.3233	88.0738	192.52	195.021	196.987	190.507	443.514	445.118	446.024	442.604	198.124	195.164	198.162	195.126	397.281	394.549	398.303	393.517	304.665	301.04	305.712	299.977	5	0	4	3	398.46	399.501	400.442	397.514	67.1193	73.7902	73.3485	67.6018	213.265	205.526	212.476	206.342	86.0058	87.3155	88.7694	84.5044	209.774	205.078	210.052	204.793	239.754	234.853	239.835	234.77	334.791	329.029	335.01	328.805	241.251	237.076	241.075	237.255	200.382	207.28	206.93	200.744	390.37	388.465	390.463	388.372	146.11	145.962	147.828	144.222	81.7068	83.8153	80.0062	85.44	304.829	304.056	307.612	301.241	305.531	302.557	306.946	301.121	252.923	251.668	253.411	251.177	149.466	155.184	152.201	152.502	192.427	192.608	193.217	191.815	191.943	189.404	192.899	188.43	78.1601	79.0253	79.1581	78.0256	276.588	273.766	279.122	271.183	302.367	300.683	304.424	298.6	239.169	236.008	239.008	236.172	176.255	180.189	179.234	177.226	362.464	360.203	364.227	358.42	363.816	363.501	364.486	362.829	119.231	125.355	125.718	118.849	148.03	142.014	148.014	142.032	105.309	104	104.924	104.389	178.53	183.576	184.564	177.508	156.589	158.316	160.125	154.738	377.445	251	
91.0055	93.145	92.1792	91.9837	189.842	192.44	194.371	187.864	439.874	441.5	442.404	438.965	194.126	191.167	194.165	191.128	393.517	390.8	394.549	389.759	300.914	297.31	301.974	296.233	3	4	0	5	394.677	395.739	396.679	393.732	69.1158	75.6637	75.1798	69.6419	209.308	201.556	208.504	202.388	84.5044	86.0233	87.3155	83.1685	205.789	201.099	206.073	200.808	235.767	230.868	235.85	230.783	330.801	325.042	331.023	324.815	237.255	233.077	237.076	233.26	201.854	208.722	208.355	202.233	386.374	384.47	386.467	384.376	142.338	142.243	144.101	140.456	85.44	87.6413	83.8153	89.1964	301.955	301.241	304.764	298.399	302.002	299.06	303.434	297.607	249.435	248.195	249.93	247.697	151.169	157.003	153.873	154.353	190	190.205	190.801	189.402	188.43	185.93	189.404	184.938	78.0064	79.2275	79.0063	78.2304	273.49	270.74	276.053	268.127	298.6	296.948	300.683	294.839	235.172	232.009	235.009	232.175	176.777	180.854	179.747	177.902	359.227	357.001	361.006	355.203	359.869	359.562	360.547	358.883	117.745	123.976	124.31	117.393	144.031	138.014	144.014	138.033	101.637	100.319	101.237	100.722	176.502	181.648	182.603	175.514	154.738	156.589	158.316	152.971	373.461	247	
87.8009	90.1388	89.1852	88.7694	194.743	197.307	199.251	192.754	444.761	446.4	447.303	443.852	198.252	195.31	198.305	195.256	398.303	395.601	399.344	394.549	305.712	302.129	306.785	301.04	4	3	5	0	399.441	400.525	401.464	398.497	69.7711	76.4853	76.0592	70.2353	212.85	205.183	212.144	205.913	88.7694	90.1388	91.5478	87.3155	210.052	205.407	210.373	205.078	240.01	235.128	240.104	235.032	335.01	329.28	335.257	329.029	241.133	237.019	241.019	237.135	203.185	210.09	209.745	203.541	390.512	388.623	390.62	388.515	147.122	147.078	148.93	145.248	80.6536	82.9699	79.1202	84.4334	306.914	306.185	309.716	303.35	306.946	304.016	308.385	302.557	254.395	253.16	254.892	252.66	152.201	157.877	154.945	155.184	194.805	195	195.602	194.201	193.383	190.895	194.363	189.897	81.1542	82.0244	82.1523	81.0247	278.485	275.726	281.044	273.117	303.383	301.763	305.491	299.628	239.075	236.002	239.002	236.076	179.234	183.153	182.214	180.189	364.227	362.001	366.005	360.203	364.314	364.033	365.016	363.329	122.004	128.16	128.515	121.631	148	142.088	148.084	142	104.178	102.883	103.817	103.247	181.108	186.196	187.171	180.1	159.239	161.012	162.791	157.42	377.719	251.018	
474.915	474.757	473.782	475.888	247.342	250.721	247.73	250.338	60.3738	65.3911	65.7951	59.9333	216.622	218.552	216.06	219.107	5.83095	10.6301	8.544	8.60233	94.1116	98.27	93.3916	98.9545	395.668	398.46	394.677	399.441	0	6.08276	6	1	414.947	414.812	413.824	415.933	230.556	231.614	226.433	235.646	346.625	350.169	346.205	350.584	201.358	203.944	199.72	205.548	176.477	179.805	175.855	180.413	114.39	114.061	111.615	116.778	195.182	194.487	191.627	197.99	452.731	454.67	453.681	453.722	112.752	110.549	110.766	112.539	252.353	252.699	250.793	254.248	480.094	482.25	478.461	483.87	177.124	183.412	179.011	181.571	107.912	113.283	108.342	112.872	156.115	158.079	156.08	158.114	439.056	446.112	439.114	446.055	260.019	261.105	260.11	261.015	211.443	215.035	211.092	215.379	375.48	382.284	375.345	382.416	168.134	175.96	169.248	174.889	96.1665	98.4886	94.5939	100	195.161	192.463	190.276	197.294	400.649	407.953	401.005	407.604	117.38	123.045	119.52	120.967	72.2772	68.6804	68.4105	72.5328	331.545	332.217	331.217	332.543	264.32	267.122	261.859	269.535	327.567	327.905	327.049	328.422	286.009	288.669	286.681	288.002	303.134	307.275	303.279	307.132	96.0052	180.325	
475.37	475.147	474.175	476.34	246.1	249.339	246.343	249.098	55.5698	60.3738	60.8276	55.0727	219.244	221.111	218.662	221.687	2.23607	6.32456	2.82843	6.08276	94.8683	98.7623	93.9628	99.6243	396.772	399.501	395.739	400.525	6.08276	0	1	6	415.018	414.779	413.793	416.001	234.053	234.913	229.837	239.04	346.554	350.036	346.082	350.502	203.907	206.349	202.2	208.022	179.513	182.727	178.869	183.358	119.616	119.101	116.812	121.852	198.849	197.995	195.208	201.586	451.008	452.86	451.868	452.001	118.828	116.619	116.842	118.609	253.403	253.622	251.73	255.282	481.175	483.256	479.483	484.934	173.528	179.78	175.317	178.037	106.301	111.544	106.569	111.288	155.464	157.385	155.39	157.458	438.001	445.018	438.018	445.001	258.559	259.625	258.627	259.557	211.625	215.139	211.218	215.539	375.353	382.126	375.203	382.273	165.656	173.416	166.643	172.467	97.1442	99.0404	95.2103	100.901	198.759	195.88	193.747	200.838	399.01	406.282	399.322	405.975	112.486	118.191	114.56	116.181	77.8781	74.2159	73.9797	78.1025	330.946	331.489	330.491	331.943	266.511	269.156	263.956	271.662	329.874	330.189	329.342	330.72	284.57	287.091	285.098	286.566	302.015	306.08	302.081	306.015	102	183.984	
476.34	476.12	475.147	477.31	247.099	250.338	247.342	250.098	55.0727	59.9333	60.3738	54.5894	220.057	221.93	219.477	222.504	3.16228	7.28011	3.60555	7.07107	95.8175	99.7246	94.921	100.578	397.71	400.442	396.679	401.464	6	1	0	6.08276	416.001	415.766	414.779	416.984	234.759	235.646	230.556	239.76	347.541	351.024	347.071	351.49	204.727	207.183	203.027	208.849	180.278	183.505	179.636	184.133	119.971	119.507	117.175	122.25	199.529	198.698	195.9	202.277	452.001	453.851	452.86	452.994	118.714	116.52	116.726	118.512	254.342	254.568	252.676	256.223	482.114	484.199	480.426	485.874	174.428	180.677	176.207	178.941	107.299	112.539	107.564	112.285	156.461	158.382	156.387	158.455	439.001	446.018	439.018	446.001	259.557	260.622	259.625	260.555	212.603	216.12	212.198	216.518	376.342	383.115	376.191	383.262	166.628	174.385	167.61	173.442	98.0816	100	96.1665	101.843	199.449	196.596	194.456	201.537	400.005	407.276	400.316	406.971	113.217	118.929	115.278	116.932	78.1025	74.4648	74.2159	78.339	331.943	332.488	331.489	332.94	267.367	270.026	264.821	272.523	330.72	331.038	330.189	331.567	285.568	288.087	286.094	287.564	303.015	307.08	303.081	307.015	102.005	184.665	
473.942	473.782	472.807	474.915	246.343	249.724	246.733	249.339	60.8276	65.7951	66.2118	60.3738	215.796	217.72	215.232	218.277	5.38516	10	8.24621	7.81025	93.145	97.2934	92.4175	97.9847	394.725	397.514	393.732	398.497	1	6	6.08276	0	413.961	413.824	412.835	414.947	229.837	230.868	225.701	234.913	345.636	349.178	345.214	349.594	200.524	203.096	198.879	204.707	175.696	179.011	175.071	179.622	114.018	113.635	111.234	116.362	194.487	193.768	190.919	197.284	451.739	453.681	452.691	452.731	112.872	110.653	110.887	112.641	251.406	251.746	249.84	253.3	479.15	481.302	477.514	482.925	176.238	182.529	178.135	180.679	106.921	112.294	107.355	111.879	155.116	157.08	155.081	157.115	438.056	445.112	438.114	445.055	259.023	260.11	259.114	260.019	210.459	214.049	210.107	214.394	374.489	381.293	374.354	381.425	167.171	175	168.291	173.922	95.2103	97.5141	93.6216	99.0404	194.456	191.732	189.552	196.581	399.656	406.961	400.012	406.61	116.675	122.332	118.828	120.241	72.0347	68.4105	68.1542	72.2772	330.547	331.217	330.218	331.545	263.454	266.242	260.985	268.663	326.712	327.049	326.193	327.567	285.012	287.675	285.687	287.005	302.134	306.276	302.28	306.132	96	179.627	
66.4003	64.3506	63.5138	67.2012	182.025	182.214	184.838	179.36	453.29	454.01	454.968	452.328	235.805	232.659	235.587	232.88	412.869	409.497	413.425	408.936	321.31	316.812	321.753	316.362	71.6938	67.1193	69.1158	69.7711	414.947	415.018	416.001	413.961	0	7.07107	7	1	259.131	250.503	257.109	252.579	68.9638	66.1287	69.8928	65.146	244.463	239.04	243.977	239.535	273.936	268.844	273.792	268.991	367.766	361.509	367.485	361.796	281.832	276.742	280.631	277.959	134.104	141.089	140.801	134.406	424.085	421.9	423.891	422.095	170.356	168.107	170.106	168.36	99.2824	96.7471	94.8262	101.119	294.292	292.139	296.378	290.022	313.465	309.48	314.282	308.65	260.969	259.28	261.216	259.031	82.6378	88.1419	85.44	85.4283	176.491	176.173	177.02	175.642	203.531	199.912	203.855	199.582	41.5933	36.0555	42.0595	35.5106	272.459	267.882	274.171	266.13	319.77	316.659	320.613	315.805	279.401	274.855	277.78	276.492	116.52	119.067	119.507	116.069	360.118	356.899	361.403	355.598	391	390.021	391.02	390	93.1933	96.4002	97.2008	92.358	190.379	183.098	188.809	184.716	163.221	161.818	162.61	162.432	155.602	158.382	159.928	154.013	132.201	131.503	134.629	129.016	408.828	289.085	
70.0928	67.624	66.8431	70.8378	179.847	179.789	182.464	177.133	452.391	453.018	453.98	451.426	238.416	235.262	238.17	235.51	412.641	409.207	413.146	408.697	321.375	316.796	321.753	316.413	78.2943	73.7902	75.6637	76.4853	414.812	414.779	415.766	413.824	7.07107	0	1	7	262.574	253.87	260.417	256.082	68.2495	65	68.884	64.3273	246.714	241.234	246.148	241.812	276.031	270.934	275.862	271.105	369.51	363.209	369.173	363.552	284.614	279.435	283.302	280.765	127.13	134.104	133.81	127.44	425.829	423.615	425.603	423.842	171.945	169.499	171.493	169.956	105.19	102.421	100.648	106.888	291.606	289.318	293.615	287.279	312.631	308.551	313.383	307.787	260.317	258.588	260.538	258.366	75.7694	81.3941	78.5493	78.7147	173.773	173.404	174.27	172.905	203.541	199.832	203.796	199.572	39.8497	33.6155	40.1622	33.2415	270.496	265.754	272.118	264.093	319.92	316.665	320.632	315.945	282.151	277.462	280.371	279.26	109.659	112.112	112.641	109.115	358.113	354.803	359.347	353.553	392.062	391.012	392.011	391.063	90.4268	93.1933	94.0319	89.5545	193.706	186.336	191.982	188.112	168.372	166.964	167.738	167.601	152.296	154.806	156.4	150.659	128.969	128.004	131.244	125.67	410.329	291.568	
